1 -141778
9 -141725
17 -141324
173 -141324
204 -141232
388 -141146
405 -141112
520 -141107
535 -140910
571 -140817
733 -140748
885 -140746
905 -140732
1023 -140728
1096 -140713
1115 -140575
1306 -140565
1314 -140511
1456 -140489
1599 -140461
1609 -140421
1702 -140410
1723 -140402
1839 -140369
1907 -140363
1908 -140344
1977 -140323
2012 -140301
2125 -140291
2141 -140211
2211 -140181
2349 -140057
2414 -140046
2455 -140025
2503 -140019
2601 -140005
2703 -139989
2726 -139985
2768 -139946
2775 -139861
2822 -139850
3169 -139834
3271 -139739
3307 -139663
3313 -139656
3406 -139642
3511 -139617
3595 -139595
3599 -139580
3600 -139547
3743 -139422
3801 -139409
3802 -139356
3934 -139342
4011 -139302
4071 -139232
4193 -139200
4324 -139169
4368 -139111
4489 -139099
4548 -139099
4641 -139090
4821 -139089
4829 -139062
5093 -139059
5107 -139049
5108 -139036
5150 -139024
5312 -139007
5531 -138846
5815 -138840
5952 -138834
6050 -138824
6135 -138780
6191 -138773
6231 -138750
6289 -138733
6308 -138709
6312 -138701
6369 -138687
6447 -138661
6519 -138649
6628 -138612
6808 -138520
6996 -138482
7062 -138458
7244 -138451
7323 -138443
7349 -138386
7413 -138254
7653 -138227
7829 -138214
7897 -138212
7923 -138182
8095 -138175
8096 -138170
8302 -138167
8335 -138166
8346 -138163
8420 -138093
8487 -138047
8593 -138012
8743 -137984
8841 -137982
8943 -137981
8977 -137975
9176 -137967
9189 -137965
9190 -137937
9209 -137919
9210 -137918
9329 -137915
9343 -137825
9431 -137782
9505 -137759
9542 -137733
9640 -137698
9792 -137689
9810 -137625
9950 -137615
10000 -137516

