1 38869
17 38511
173 38506
204 38332
450 38326
451 38324
453 38260
548 38254
592 38252
624 38247
645 38230
649 38180
891 38159
922 38155
959 38149
1036 38124
1207 38098
1262 38077
1326 38063
1410 38049
1609 38022
1686 38010
1723 37998
1839 37992
1894 37981
2011 37977
2012 37935
2158 37934
2189 37894
2349 37883
2370 37882
2414 37880
2420 37839
2455 37832
2503 37829
2601 37796
2602 37770
2726 37768
2775 37705
2822 37702
2999 37681
3169 37674
3222 37635
3292 37619
3307 37549
3511 37526
3645 37525
3743 37463
3799 37461
3802 37454
3934 37445
4011 37384
4186 37379
4207 37351
4681 37326
5067 37311
5382 37303
5399 37293
5478 37289
5531 37248
5721 37213
5981 37198
6113 37195
6191 37187
6232 37184
6329 37181
6350 37173
6464 37169
6548 37165
6628 37159
6808 37117
6957 37110
7019 37104
7143 37077
7413 37024
7653 37018
7818 36998
7923 36978
8130 36974
8241 36945
8346 36934
8487 36923
8664 36919
8743 36906
8841 36903
8860 36888
8964 36879
9176 36858
9235 36855
9441 36841
9542 36828
9640 36820
9792 36731
9810 36703
10000 36686

