1 -53296
2 -53262.7
3 -53049.8
4 -53041.6
13 -52871.2
20 -52689
315 -52688.4
390 -52677.6
477 -52669.3
540 -52562
611 -52506
655 -52399.4
693 -52386.5
714 -52346.6
805 -52299.6
850 -52297.1
859 -52289.2
957 -52120.8
1104 -52095.2
1210 -52078.2
1295 -52071.7
1345 -52032.7
1352 -52003.9
1361 -51988.1
1470 -51985.2
1497 -51976.6
1498 -51954.8
1502 -51951.1
1527 -51947.2
1577 -51902.6
1655 -51887.9
1656 -51863.8
1901 -51855.1
2024 -51801
2048 -51798
2113 -51755
2203 -51712.9
2219 -51708.6
2297 -51663.5
2311 -51661.2
2445 -51651
2471 -51623.5
2505 -51569.7
2722 -51553
2794 -51545.9
2802 -51499.5
2857 -51429.8
2920 -51409.1
2933 -51396.6
3127 -51375.4
3148 -51348.8
3239 -51332.9
3332 -51319.1
3373 -51222
3472 -51219.7
3594 -51219
3645 -51205.4
3703 -51202.6
3712 -51170
3897 -51164.5
3904 -51114.7
3981 -51103.5
4076 -51018.9
4242 -51016.2
4311 -51006
4365 -51003.5
4409 -50980.8
4461 -50967.4
4571 -50962.8
4624 -50948.7
4647 -50947
4658 -50934.6
4687 -50880.4
4730 -50877.6
4843 -50869.9
4985 -50869
5005 -50845.9
5037 -50834
5038 -50798.4
5210 -50784.8
5226 -50717.4
5310 -50705.6
5419 -50692.5
5475 -50672.9
5560 -50659.6
5793 -50634.4
5875 -50632.6
5886 -50601.2
5954 -50576.1
6156 -50573.4
6257 -50566.2
6268 -50555.9
6328 -50531.7
6452 -50529.5
6480 -50528.6
6516 -50481.3
6623 -50466.3
6702 -50455.2
6958 -50410
7125 -50405.7
7127 -50290.5
7305 -50268.1
7306 -50255.2
7527 -50253
7616 -50236.1
7637 -50119.8
7831 -50113.8
7914 -50109.6
8023 -50070.4
8168 -50051.8
8287 -50043.5
8330 -50035.1
8442 -50032.6
8622 -50029.1
8912 -50027.6
9025 -50024.3
9174 -50021.6
9247 -50018.4
9340 -50016.6
9433 -50015.2
9536 -50012.3
9585 -50010.1
9589 -50004.3
9737 -50000.6
9740 -49998.3
9778 -49957.8
9887 -49903.9
9901 -49903.7
9907 -49889.2
9943 -49878.3

