1 5636
2 5593
3 5523
13 5500
14 5486
20 5455
280 5445
337 5444
408 5439
422 5432
535 5423
540 5398
563 5392
611 5354
703 5350
713 5322
850 5318
859 5306
957 5243
1210 5236
1296 5231
1361 5216
1497 5213
1502 5203
1577 5198
1583 5193
1656 5191
1683 5183
1726 5178
1823 5161
2085 5156
2114 5135
2203 5119
2471 5117
2498 5111
2505 5104
2633 5101
2688 5097
2788 5087
2802 5086
2839 5075
2848 5066
2897 5052
2958 5043
3148 5028
3277 5027
3309 5022
3373 5020
3474 5003
3534 5001
3629 4999
3815 4988
3981 4984
4065 4979
4076 4966
4298 4959
4311 4958
4340 4956
4447 4952
4461 4935
4687 4924
4730 4923
4772 4918
4919 4917
4930 4907
5005 4903
5210 4902
5226 4870
5475 4862
5672 4861
5702 4860
5848 4859
5875 4858
5886 4857
5954 4851
6019 4850
6082 4848
6115 4844
6222 4836
6243 4833
6334 4828
6549 4826
6550 4824
6608 4817
6704 4815
6758 4814
6904 4796
7091 4760
7127 4757
7282 4753
7402 4743
7550 4739
7606 4732
7637 4726
7914 4723
7992 4722
8010 4716
8047 4715
8096 4710
8108 4709
8168 4680
8442 4673
8622 4671
8912 4689
9036 4685
9247 4683
9491 4672
9508 4668
9589 4665
9901 4663
9943 4658
