1 -53029
3 -53008.4
35 -52980.2
44 -52810.1
122 -52809.1
136 -52793.4
139 -52688.9
213 -52614
305 -52613.1
332 -52608.8
362 -52602.6
417 -52598.1
420 -52593.2
433 -52592.1
434 -52584.8
462 -52580.4
470 -52564.4
506 -52547
585 -52525
655 -52492.3
688 -52492.3
722 -52488.2
729 -52484.6
768 -52482.3
776 -52482.3
778 -52472.9
813 -52467.7
814 -52467.3
837 -52465
851 -52448.3
920 -52438.6
964 -52426.3
972 -52415.6
988 -52399.1
1012 -52382.9
1061 -52377.5
1112 -52375.7
1122 -52354.8
1128 -52335.1
1145 -52317.3
1218 -52284.5
1301 -52277.2
1321 -52277
1333 -52275.2
1370 -52273.7
1372 -52252.2
1414 -52222
1482 -52217.9
1501 -52189
1521 -52185.1
1548 -52158.8
1656 -52139.7
1689 -52108.4
1708 -52098.3
1803 -52051.1
1896 -52047.3
1911 -52032
2022 -52021.3
2071 -52020.9
2130 -52017.4
2175 -52012.1
2207 -52000.3
2208 -51980.2
2214 -51972.3
2266 -51953.5
2307 -51924
2320 -51912.5
2350 -51856.2
2442 -51842.2
2541 -51841.4
2547 -51824.5
2593 -51823.5
2658 -51816.7
2755 -51798.2
2829 -51790.9
2836 -51776.9
2846 -51766.7
2947 -51749.6
2970 -51749.6
3025 -51741.3
3041 -51738
3134 -51723.4
3152 -51716.1
3206 -51671.7
3318 -51668.2
3399 -51663.1
3409 -51655.6
3478 -51635.7
3490 -51633.6
3506 -51632.7
3547 -51626
3592 -51617.3
3681 -51613.7
3735 -51611
3747 -51546
3885 -51520.5
3939 -51520.5
3952 -51520.5
3993 -51507.3
4015 -51506.6
4088 -51504.4
4120 -51486.4
4248 -51482.2
4251 -51478.9
4317 -51475.7
4327 -51470.3
4344 -51470.3
4347 -51467.4
4349 -51461.6
4404 -51459.1
4422 -51428.6
4469 -51414.3
4489 -51413.9
4524 -51413.9
4560 -51413.9
4648 -51413.2
4691 -51395
4733 -51395
4782 -51394.9
4784 -51392.5
4814 -51372.6
4856 -51360.1
4901 -51347.4
4935 -51344.5
5019 -51324
5030 -51323.9
5042 -51323.9
5061 -51323.4
5113 -51308.1
5247 -51308.1
5251 -51302
5259 -51300.4
5308 -51287.2
5340 -51231.5
5401 -51231.5
5511 -51218.1
5609 -51216.7
5716 -51212.4
5791 -51197.6
5857 -51194.6
5932 -51175
5950 -51169.3
6010 -51169.3
6075 -51144.5
6151 -51135.1
6196 -51133.5
6198 -51133.4
6212 -51122.8
6230 -51101.4
6265 -51100.8
6392 -51094.4
6431 -51094.4
6449 -51087.3
6506 -51085.9
6606 -51079.3
6617 -51076.3
6630 -51076.1
6644 -51056.9
6746 -51052.7
6866 -51052.7
6907 -51052.7
7014 -51040.4
7125 -51032.4
7138 -51018
7202 -50997.2
7259 -50993.4
7317 -50993.4
7336 -50982.8
7337 -50979.5
7411 -50972.1
7601 -50964.1
7618 -50962.6
7657 -50957.7
7797 -50957.7
7927 -50952.8
8090 -50947.9
8127 -50946.5
8179 -50915
8364 -50905.8
8412 -50900.9
8709 -50875.7
8769 -50875.7
8808 -50853
8864 -50852.6
8904 -50845.4
8932 -50842.5
8974 -50839.6
9005 -50839.4
9032 -50823.5
9103 -50817.9
9113 -50810.9
9160 -50777.5
9174 -50740.9
9233 -50736.1
9268 -50730.4
9307 -50727.8
9401 -50726.6
9418 -50718.5
9507 -50718.5
9582 -50711.8
9618 -50672
9803 -50660.1
9876 -50660.1
9904 -50647.5
9923 -50647
9958 -50638.1
9982 -50628.8
10109 -50628
10118 -50618.3
10136 -50616
10186 -50603.4
10360 -50573.6
10529 -50555.5
10625 -50549.7
10744 -50545.5
10797 -50544.9
10815 -50535.1
10830 -50504.9
10903 -50491.7
10917 -50488.5
11028 -50487.4
11034 -50468.5
11060 -50467.6
11121 -50467.4
11139 -50466.8
11243 -50461.9
11244 -50457.8
11362 -50455.7
11426 -50441.9
11467 -50435.6
11535 -50424.2
11566 -50417.1
11567 -50385
11762 -50384.2
11895 -50366.8
11903 -50362.6
11989 -50356.2
12137 -50339.5
12331 -50338
12359 -50335.1
12387 -50241.8
12599 -50239.1
12624 -50237.4
12756 -50233.2
12792 -50224.9
12803 -50220.9
12805 -50215.1
12925 -50206.7
13006 -50206.7
13105 -50206.7
13146 -50203.3
13195 -50185.2
13279 -50179.7
13288 -50179.7
13312 -50177.2
13395 -50177.2
13434 -50177.2
13478 -50176.9
13503 -50176.8
13509 -50156.3
13646 -50156.3
13708 -50151.3
13776 -50149.8
13846 -50148.3
13847 -50126.9
13926 -50120.4
14008 -50112.4
14115 -50110.5
14232 -50110.5
14252 -50108.9
14296 -50106
14311 -50101.8
14352 -50101.1
14382 -50089.6
14454 -50086.6
14540 -50074
14578 -50057.5
14601 -50054.7
14610 -50035.9
14742 -50030.1
14812 -50025
14843 -50000.5
14858 -49999.1
14917 -49998.2
15008 -49998.2
15019 -49983.5
15096 -49974
15127 -49965.6
15234 -49956.6
15277 -49950.1
15309 -49948.3
15419 -49942.9
15525 -49940.3
15628 -49940
15710 -49936.3
15728 -49930.5
15796 -49929.1
15804 -49929.1
15827 -49924.8
15846 -49908
15911 -49902.2
15974 -49899.3
16076 -49892.3
16151 -49874.3
16182 -49866.3
16237 -49866.3
16319 -49866.3
16418 -49866.3
16506 -49866.3
16544 -49857.1
16587 -49836.4
16613 -49824.1
16692 -49824
16702 -49824
16707 -49809.9
16860 -49795.6
16875 -49795.6
16957 -49794.3
17001 -49794.3
17005 -49789.8
17028 -49774.6
17150 -49773.9
17154 -49771.1
17197 -49768.5
17288 -49768.2
17630 -49755.6
17755 -49754.6
17840 -49751.4
17904 -49751.4
18040 -49741.4
18093 -49741.4
18131 -49736.2
18132 -49733.6
18208 -49730.9
18212 -49730
18227 -49723.7
18270 -49711.4
18352 -49687.4
18405 -49687.4
18451 -49687.2
18591 -49687.1
18609 -49687.1
18652 -49682.1
18712 -49680.6
18833 -49679.9
18914 -49679.1
18949 -49675.2
19005 -49642.3
19012 -49630.5
19123 -49613
19167 -49609.7
19369 -49604.4
19459 -49600.9
19610 -49593.2
19677 -49593.2
19711 -49587.9
19804 -49587.9
19811 -49586.7
19929 -49586.7
19938 -49585.3
19941 -49581.7
20008 -49581.2
20116 -49577.3
20124 -49574.5
20178 -49574.1
20249 -49573.7
20269 -49573.5
20352 -49573.5
20414 -49570.7
20423 -49564.1
20640 -49558.8
20672 -49539
20688 -49517
20692 -49513.4
20716 -49503.8
20872 -49502.1
20947 -49499.6
21010 -49480.8
21210 -49468.8
21301 -49467.2
21440 -49467.2
21532 -49467.2
21636 -49465.4
21657 -49459.7
21845 -49433.1
21908 -49430.2
22015 -49426.9
22030 -49404.9
22244 -49404.9
22253 -49378.5
22470 -49376.3
22488 -49376.3
22518 -49376.3
22626 -49370.8
22757 -49366.2
22767 -49366.1
22836 -49366.1
22902 -49365.7
22987 -49364.2
23018 -49360.6
23117 -49359.9
23220 -49357.5
23356 -49357.4
23402 -49352.2
23543 -49346.3
23655 -49345
23749 -49342.8
23878 -49341.9
23883 -49337.7
24037 -49337.7
24053 -49334.3
24112 -49329.6
24202 -49329.6
24323 -49329.6
24334 -49328.1
24375 -49327.6
24378 -49326.6
24476 -49321.6
24501 -49314.5
24717 -49310.2
24942 -49308.3
25008 -49301.5
25430 -49274.4
25717 -49270.8
25728 -49266.6
25783 -49266.6
25882 -49259
25912 -49259
25957 -49252.9
26072 -49252.3
26146 -49252.3
26199 -49251.8
26201 -49248
26322 -49240.2
26367 -49240.2
26413 -49240.2
26435 -49239
26547 -49233.8
26606 -49209.1
26719 -49208.9
26814 -49208.9
26897 -49206
26986 -49205.1
27075 -49178.2
27347 -49175.5
27366 -49174.2
27678 -49173.1
27713 -49169.4
27843 -49169.4
27902 -49164.7
28069 -49164.1
28115 -49159.9
28229 -49158.3
28325 -49158.3
28369 -49117
28417 -49117
28572 -49117
28657 -49117
28725 -49117
28807 -49117
28848 -49116.9
28850 -49116.7
28923 -49099.7
28927 -49087.7
28941 -49087.4
29118 -49084.6
29214 -49082.4
29238 -49081
29312 -49078
29579 -49077.9
29646 -49077.9
29651 -49054.4
29706 -48971.9
30104 -48966.5
30121 -48957.1
30266 -48955.9
30298 -48954.1
30314 -48953.9
30317 -48934.2
30408 -48919.1
30410 -48916.3
30513 -48915.5
30622 -48915
30689 -48888.8
30741 -48882.4
30770 -48881.7
30837 -48881.6
30921 -48877.1
30980 -48868.8
31202 -48867.6
31262 -48865.8
31354 -48863.7
31357 -48860.5
31416 -48860.5
31418 -48859.6
31475 -48856.5
31513 -48853.1
31523 -48821.8
31631 -48818.3
31773 -48808.7
31842 -48805.7
31886 -48777
32038 -48777
32064 -48776
32139 -48769.4
32166 -48719.7
32354 -48683.6
32405 -48680
32615 -48676.9
32708 -48676.9
32725 -48669.3
32813 -48664.6
32885 -48661.9
32997 -48650.5
33002 -48650.5
33107 -48650.5
33142 -48646.1
33202 -48644.9
33255 -48644.5
33427 -48636.2
33543 -48619.3
33604 -48619.2
33724 -48619.2
33850 -48602.5
33928 -48599.2
33980 -48596.5
34081 -48593.7
34160 -48593.7
34246 -48590.9
34460 -48588.9
34503 -48567.4
34620 -48567.4
34873 -48567.1
34888 -48563.3
34970 -48559.5
34996 -48552.4
35031 -48548.7
35218 -48548.7
35271 -48544.1
35331 -48543.6
35470 -48540.2
35552 -48531.7
35611 -48528.2
35652 -48527.3
35709 -48524.3
35804 -48517.7
35899 -48514.8
36029 -48495.8
36111 -48491.2
36123 -48487.5
36205 -48486.4
36348 -48484.4
36503 -48477.2
36521 -48473.7
36529 -48461.1
36737 -48456.6
36952 -48455.5
36990 -48443
37027 -48440.4
37131 -48436.9
37242 -48436.2
37248 -48435.9
37317 -48428.8
37401 -48411.9
37494 -48401.5
37536 -48400.1
37590 -48371
37842 -48353
37922 -48346.7
37925 -48341.7
37963 -48340.5
38028 -48338.7
38032 -48338
38063 -48333.4
38076 -48271.6
38103 -48254.7
38228 -48231.3
38328 -48231.3
38428 -48231.3
38531 -48230.5
38560 -48227
38630 -48220.9
38798 -48217.4
38973 -48196.1
39074 -48158.2
39174 -48158.2
39186 -48154.6
39409 -48154.6
39465 -48141.5
39541 -48141.5
39575 -48132.4
39737 -48089.3
39902 -48078.2
40063 -48074.6
40110 -48074.6
40183 -48071.1
40204 -48069.7
40354 -48069.2
40411 -48061.9
40501 -48061.9
40531 -48055.4
40742 -48055.1
40807 -48048
40837 -48042.3
41052 -48039.3
41228 -48025.3
41355 -48015.8
41493 -48004.3
41581 -47971.5
41710 -47970.5
41771 -47964.6
41811 -47960.7
41841 -47952.5
42020 -47951.4
42036 -47949.1
42163 -47949.1
42180 -47948.5
42197 -47937.7
42245 -47937
42323 -47923.3
42441 -47910.4
42481 -47906.3
42532 -47898.7
42614 -47892
42755 -47888.6
42896 -47885.2
43012 -47883.9
43065 -47882.5
43117 -47877.9
43295 -47857.6
43415 -47856.4
43605 -47850.1
43812 -47850.1
43816 -47847
43876 -47824.5
43920 -47824.5
44031 -47824.5
44162 -47824.1
44201 -47818.3
44223 -47796.6
44317 -47750.8
44366 -47747
44455 -47744.3
44548 -47742
44569 -47721.9
44667 -47721.9
44736 -47719.1
44831 -47696.7
44905 -47682.4
45024 -47679.3
45211 -47679.2
45221 -47674.3
45273 -47665.1
45370 -47633.8
45432 -47626.5
45547 -47626.5
45608 -47618
45746 -47617
45777 -47609
45933 -47595.4
46041 -47587
46108 -47572.7
46203 -47564.4
46404 -47562.6
46607 -47561.1
46648 -47560.1
46739 -47558.9
46761 -47548.1
46822 -47534.8
46833 -47494.2
47178 -47492.8
47181 -47492.8
47212 -47478.5
47306 -47478.5
47373 -47478.1
47415 -47475.5
47442 -47466.7
47521 -47462.9
47697 -47462.2
47741 -47457.1
47832 -47457.1
47896 -47453.7
48035 -47453
48119 -47444.9
48168 -47443.1
48351 -47443
48354 -47442.3
48420 -47441.7
48421 -47441.5
48559 -47409.1
48718 -47409.1
49083 -47391.3
49157 -47389.8
49214 -47387.7
49255 -47382.9
49591 -47371.8
49840 -47356.9
49907 -47347.6
50027 -47342.7
50167 -47342.7
50652 -47338.7
50766 -47336.8
50865 -47336.7
50940 -47336.7
51005 -47336.7
51162 -47336.7
51174 -47332.2
51176 -47325.7
51310 -47323.1
51368 -47300.8
51705 -47300.8
51765 -47300.5
51835 -47300.4
51854 -47293.2
51965 -47288.4
52014 -47288.4
52120 -47288.4
52174 -47288.4
52215 -47288.1
52228 -47264
52467 -47263.4
52556 -47259.8
52561 -47249.6
52738 -47241
52749 -47235.3
52764 -47229.1
52807 -47223.4
52881 -47213.2
53073 -47213.2
53181 -47212.9
53287 -47209.4
53466 -47201.2
53513 -47199.1
53562 -47195.3
53899 -47183.7
54000 -47183.1
54189 -47181.7
54296 -47181.3
54325 -47178.3
54343 -47175.3
54351 -47173
54452 -47171.3
54505 -47141.9
54523 -47138.1
54673 -47138.1
54689 -47134.3
54977 -47130.9
55041 -47113.2
55112 -47112.2
55345 -47112.2
55495 -47112.2
55522 -47112.2
55629 -47112.1
55637 -47111.8
55704 -47111.8
55707 -47109.6
55745 -47104.3
55804 -47100.5
55856 -47090.1
55917 -47085.3
55940 -47074.3
56001 -47026.5
56148 -47026.5
56219 -47026.5
56252 -47026.5
56348 -47026.3
56440 -47025.9
56525 -47025.9
56661 -47019.7
57019 -47018.8
57146 -47018.7
57216 -47018.5
57310 -47016.9
57491 -47014
57801 -47006.7
57818 -47001.4
57826 -46980.2
57934 -46965.9
58008 -46965.9
58094 -46961.6
58602 -46960
58633 -46957.7
58649 -46954.9
58730 -46952.9
58969 -46948.5
59015 -46917
59049 -46911.4
59195 -46904.6
59262 -46904.6
59308 -46904.6
59349 -46889.9
59599 -46879.6
59600 -46878.9
59757 -46869.3
59904 -46869.3
60069 -46869.3
60082 -46868.3
60232 -46809.5
60345 -46803.8
60375 -46803.2
60452 -46801.4
60519 -46796.6
60535 -46795.3
60637 -46778.9
60781 -46775
60820 -46754
61027 -46753
61230 -46750.4
61609 -46746.3
61797 -46745.6
62062 -46738.4
62142 -46737.4
62174 -46736.9
62236 -46729.1
62427 -46729.1
62469 -46726.4
62513 -46715.1
62773 -46710.2
62884 -46706.9
63069 -46706.7
63184 -46698.1
63408 -46693.5
63501 -46691.5
63589 -46690.2
63635 -46688.7
63702 -46688.7
63814 -46688.7
63863 -46688.7
63930 -46688.1
63988 -46676.9
64123 -46676.9
64192 -46676.2
64204 -46676.2
64306 -46676.2
64390 -46675.7
64465 -46675.7
64554 -46671.4
64716 -46667
64793 -46667
64995 -46667
65148 -46666.9
65235 -46666.9
65291 -46666.1
65395 -46664.4
65469 -46645.7
65502 -46636.6
65633 -46636.6
65790 -46636.6
65828 -46636.6
65946 -46636.6
66036 -46636.6
66154 -46636.6
66166 -46636.6
66223 -46634.8
66228 -46634.8
66284 -46604.7
66310 -46604.7
66422 -46604.7
66547 -46604.7
66602 -46604.7
66727 -46604.7
66754 -46602.1
66841 -46595.5
67024 -46595.3
67196 -46595.3
67203 -46595.3
67334 -46508.1
67384 -46487.5
67456 -46487.5
67794 -46486.1
67856 -46461.2
67944 -46436.5
68031 -46429.3
68284 -46429.3
68333 -46429.3
68360 -46427.2
68633 -46427.2
68637 -46426.8
68687 -46416.5
68768 -46415.1
68804 -46324.3
68830 -46322.8
68879 -46304.8
68934 -46296.7
69313 -46237.4
69407 -46222.3
69460 -46195.3
69653 -46185.6
69718 -46182.8
69898 -46168.7
69966 -46168.7
70183 -46168.7
70241 -46168.7
70256 -46166.4
70307 -46153
70457 -46149.2
70650 -46133.5
70667 -46131.7
70790 -46125.8
70974 -46087.8
71009 -46060.7
71140 -46057.8
71202 -46057.8
71317 -46057.8
71427 -46057.7
71551 -46050.4
71590 -46046.5
71861 -46044.6
72013 -46044.5
72108 -46042
72122 -46039.1
72230 -46037.4
72667 -46032.8
72703 -46030.4
72770 -46027.1
72894 -45954.2
73313 -45938.8
73344 -45938.5
73496 -45937.2
73603 -45930.7
73763 -45920.8
73904 -45920.8
74117 -45920.8
74220 -45920.8
74407 -45912.9
74659 -45907.1
74779 -45906.1
75070 -45906.1
75074 -45906.1
75222 -45902.6
75330 -45902.4
75357 -45899
75410 -45895.9
75626 -45895.9
75719 -45882.3
75901 -45877.5
76067 -45876.1
76117 -45876.1
76176 -45876.1
76730 -45876.1
76758 -45875.4
76759 -45871.6
76820 -45868.7
76852 -45861.3
77169 -45859.5
77241 -45859.4
77281 -45857.9
77601 -45857.3
77763 -45857.2
77861 -45857.2
78055 -45857.2
78119 -45857.2
78217 -45857.2
78351 -45853.5
78497 -45851.1
78670 -45845.7
78816 -45845.7
78946 -45845.7
79067 -45843.3
79076 -45837.3
79135 -45837.3
79190 -45837.3
79275 -45837.3
79328 -45837.3
79405 -45837.3
79412 -45837.1
79473 -45835.8
79602 -45834.8
79623 -45829.8
80062 -45822.7
80146 -45822.7
80232 -45822.6
80295 -45819
80376 -45818.6
80433 -45818.6
80529 -45818.6
80646 -45817.7
80783 -45817.7
80799 -45817.7
81039 -45809.2
81568 -45805.3
81815 -45805.1
81929 -45805.1
82043 -45789.8
82082 -45783.4
82105 -45783.4
82238 -45782.1
82341 -45782.1
82402 -45778.7
82643 -45778.7
82647 -45775.1
82795 -45768.2
82832 -45764
82964 -45764
83145 -45764
83255 -45762.1
83325 -45759.2
83404 -45758.1
83569 -45758.1
83602 -45758.1
83743 -45758.1
83882 -45743.5
84016 -45743.5
84125 -45743.5
84126 -45743.1
84174 -45709
84309 -45709
84433 -45709
84469 -45708.9
84503 -45703.7
84703 -45696.1
84809 -45671.7
84852 -45649.3
84961 -45649.3
85045 -45649.3
85137 -45649.3
85182 -45649.3
85206 -45648.9
85211 -45637
85479 -45626.6
85517 -45626.6
85731 -45614.4
85889 -45603.3
85931 -45603.3
86001 -45603.3
86227 -45603.3
86329 -45603.2
86352 -45600.5
86494 -45597.8
86521 -45593.9
86629 -45593.9
86706 -45522.4
86851 -45515.2
86900 -45511.2
86943 -45511.2
87001 -45511.2
87102 -45511.2
87112 -45509.3
87115 -45507.6
87255 -45504
87429 -45504
87445 -45504
87660 -45502.2
87963 -45500.3
88128 -45496.6
88303 -45473.5
88421 -45466
88472 -45466
88538 -45466
88554 -45464.2
88693 -45463.5
88704 -45463.5
88903 -45460.3
88994 -45459.9
89000 -45458.8
89068 -45452.4
89263 -45452.4
89321 -45452.4
89347 -45452.4
89475 -45452.4
89491 -45448.5
89745 -45445
89812 -45444.6
89864 -45442
89877 -45397.7
90088 -45396.3
90104 -45384.6
90320 -45380.8
90456 -45380.8
90570 -45380.8
90596 -45378.7
90607 -45378.7
90770 -45372.5
91101 -45367.9
91190 -45367.4
91284 -45363.9
91548 -45361.6
91609 -45358.5
91725 -45357.3
91834 -45352.9
91938 -45352.9
92013 -45352.9
92167 -45352.2
92216 -45351.3
92272 -45348
92403 -45340.5
92528 -45339.3
92781 -45326.6
92892 -45322.7
92960 -45322.4
93001 -45316.9
93305 -45316.8
93306 -45313.7
93309 -45305.8
93480 -45305.8
93525 -45305.8
93602 -45305.8
93703 -45305.8
93814 -45305.8
93904 -45305.8
94041 -45304.1
94112 -45304.1
94183 -45303.4
94364 -45302.7
94408 -45298.5
94474 -45296.8
94524 -45296.8
94678 -45296.8
94728 -45296.8
94801 -45296.8
95003 -45296.8
95013 -45293.7
95130 -45289.1
95502 -45289.1
95603 -45286.6
95737 -45281.9
95862 -45277.1
96050 -45277.1
96320 -45275.8
96470 -45275.8
96511 -45271.6
96663 -45271.6
96785 -45269.6
96787 -45261.8
96919 -45258.7
97032 -45258.7
97123 -45258.7
97186 -45257.5
97209 -45256.5
97371 -45255.9
97420 -45255.9
97426 -45253.3
97471 -45248.6
97770 -45247.2
97861 -45235.1
98287 -45235.1
98431 -45235.1
98779 -45234.7
98816 -45214.6
98968 -45211.7
99261 -45211.7
99348 -45211.7
99517 -45211.7
99520 -45189.2
99628 -45189.2
99840 -45189.2
99902 -45189.2
99950 -45184.3
