1 5536
3 5531
6 5522
28 5508
35 5506
44 5488
107 5481
122 5474
136 5468
139 5464
149 5439
213 5434
261 5420
299 5419
341 5412
436 5410
484 5406
557 5404
601 5393
655 5366
824 5364
928 5363
947 5361
969 5360
972 5354
1000 5353
1112 5330
1113 5327
1238 5326
1248 5321
1291 5312
1422 5309
1430 5304
1521 5283
1548 5279
1656 5277
1692 5271
1705 5265
1708 5251
1831 5250
1909 5243
1915 5242
2071 5240
2160 5239
2167 5235
2219 5232
2347 5226
2392 5222
2396 5221
2442 5217
2456 5214
2517 5206
2703 5205
2740 5191
2952 5190
3025 5189
3081 5184
3206 5183
3252 5177
3385 5176
3400 5172
3457 5170
3490 5168
3547 5163
3632 5162
3690 5149
3746 5143
4197 5140
4200 5133
4251 5132
4264 5131
4327 5123
4407 5118
4458 5117
4484 5112
4541 5111
4763 5110
4798 5106
4901 5103
5061 5101
5169 5100
5233 5083
5511 5081
5562 5079
5709 5073
5748 5072
5857 5068
5932 5067
6065 5066
6092 5064
6126 5063
6151 5061
6193 5060
6196 5055
6230 5054
6255 5052
6442 5049
6463 5043
6654 5026
7267 5024
7282 5023
7316 4987
8182 4980
8268 4979
8476 4977
8576 4964
8706 4963
8777 4960
8802 4959
8880 4951
8884 4948
9048 4938
9432 4937
9618 4933
9632 4920
9799 4915
9891 4900
10336 4898
10459 4888
10625 4885
10645 4878
10797 4873
11067 4869
11376 4847
11484 4846
11776 4845
11900 4844
11903 4830
12001 4822
12069 4821
12231 4820
12240 4810
12455 4807
12487 4804
12521 4798
12581 4792
12611 4791
12624 4788
12756 4786
12884 4785
13148 4781
13202 4775
13274 4774
13404 4770
13472 4769
13691 4768
13724 4756
14140 4749
14291 4747
14352 4745
14400 4739
14616 4727
14861 4722
14938 4721
15012 4720
15120 4709
15209 4705
15344 4704
15449 4700
15820 4699
15828 4696
15883 4695
16092 4694
16311 4692
16351 4687
16419 4686
16728 4682
16943 4681
17651 4680
17696 4670
17789 4662
18093 4661
18109 4642
18902 4623
18924 4617
19012 4615
19123 4614
19167 4612
19384 4606
19473 4604
19641 4602
19657 4601
19897 4600
19968 4599
19986 4591
20147 4590
20519 4589
20536 4588
20820 4587
21077 4583
21390 4582
21636 4580
21657 4579
21735 4569
21955 4568
22241 4567
22253 4561
22518 4559
22851 4553
23424 4552
23660 4551
23720 4550
23895 4549
23898 4546
24051 4544
24513 4536
24546 4533
25150 4531
25465 4521
25821 4520
26039 4519
26182 4515
26226 4513
26512 4511
26771 4509
27137 4506
27663 4497
28430 4495
28860 4492
29297 4482
29706 4461
30043 4454
30298 4453
30408 4450
30622 4448
30689 4443
30837 4441
31154 4440
31309 4437
31394 4432
31416 4423
31510 4413
31692 4408
31877 4406
32166 4395
32544 4394
32597 4386
32885 4385
33142 4384
33157 4379
33509 4377
33842 4373
33850 4372
33896 4371
34363 4370
34510 4368
34679 4361
35069 4360
35089 4359
35193 4358
35269 4356
35751 4354
35839 4349
35969 4348
36066 4346
36256 4345
36499 4344
36710 4343
36892 4341
36952 4336
37047 4333
37319 4328
37590 4318
37963 4317
38028 4311
38076 4295
38284 4293
38359 4288
38630 4287
38736 4282
38804 4281
38973 4278
39090 4277
39273 4275
39298 4274
39545 4272
39737 4252
39902 4250
40137 4248
40143 4246
40369 4245
40525 4244
40590 4243
40707 4241
40899 4238
41595 4237
41777 4227
42495 4222
42614 4215
42942 4214
43119 4209
43295 4208
43427 4201
44027 4200
44063 4189
44223 4170
44390 4166
44654 4165
44736 4156
44831 4152
44958 4150
45122 4149
45152 4143
45273 4137
45596 4135
45780 4129
45810 4128
46229 4121
46648 4114
46833 4111
47119 4109
47415 4108
47442 4107
47562 4106
47564 4105
47711 4101
48088 4100
48373 4099
49083 4092
49140 4090
49384 4089
49421 4088
49591 4083
49840 4082
50025 4081
50154 4078
50872 4075
51019 4074
51045 4073
51528 4072
51577 4070
51653 4069
51735 4067
51885 4066
52132 4058
52190 4055
52456 4054
52551 4050
52665 4047
53387 4046
53419 4045
53466 4040
53832 4038
54000 4036
54689 4034
55036 4028
55177 4027
55765 4026
56069 4024
56557 4022
57268 4019
57656 4008
58235 4006
58517 4004
59015 4000
59349 3995
59400 3994
59805 3983
60170 3978
60232 3973
60504 3971
60637 3964
61001 3961
61147 3956
62481 3952
63069 3951
63198 3950
63545 3948
63607 3943
64466 3933
65279 3932
65513 3929
65867 3928
66175 3920
66334 3905
66811 3901
67313 3898
67649 3885
67786 3878
67872 3877
68631 3876
68687 3872
68745 3854
68830 3852
69081 3850
69313 3846
69341 3844
69458 3833
69612 3821
69710 3816
70186 3815
70307 3813
70669 3810
70782 3809
70789 3806
70974 3792
71590 3791
71597 3790
71787 3789
71975 3788
72662 3785
72894 3781
73496 3780
73696 3774
74319 3773
74508 3770
75692 3769
75719 3767
76044 3765
76128 3764
76619 3761
76941 3760
77567 3759
78321 3754
79522 3753
80450 3751
80571 3750
81046 3749
81232 3748
81356 3747
81733 3746
81797 3745
82105 3744
82311 3742
83204 3738
83663 3729
84503 3717
84759 3715
84788 3714
85175 3702
85720 3701
85731 3700
85859 3699
86212 3698
86275 3693
86626 3681
87115 3680
87261 3679
88042 3677
88111 3676
88249 3675
88885 3674
88898 3670
89538 3667
90104 3664
90435 3663
90770 3661
90890 3658
91190 3656
91761 3654
92137 3653
92781 3647
92977 3646
93250 3645
93473 3644
93909 3643
94251 3642
94339 3641
94672 3639
95428 3638
95737 3636
96125 3634
96785 3633
97010 3632
97426 3630
97483 3628
99127 3626
99589 3623
