1 -53200.7
2 -53019.4
5 -52999.5
20 -52829.4
36 -52774.7
116 -52680.5
219 -52661.4
335 -52624.9
359 -52621.5
402 -52575.2
533 -52571.6
578 -52563.4
602 -52532.8
689 -52520.6
765 -52490
807 -52458
907 -52435.7
927 -52411.3
969 -52370.6
1069 -52314.7
1211 -52155.5
1301 -52152.9
1342 -52053.3
1412 -52016.8
1505 -51953
1530 -51906
1703 -51777.6
1816 -51777.6
1898 -51768.9
1974 -51765.8
2038 -51748.7
2078 -51745.2
2115 -51740.3
2187 -51733
2211 -51723.7
2341 -51701.8
2386 -51635
2557 -51616.6
2615 -51555.3
2697 -51552.9
2698 -51549.6
2739 -51515.8
2753 -51442.4
2928 -51427.7
3148 -51421.5
3182 -51416.6
3197 -51295.2
3230 -51233.4
3303 -51208.2
3403 -51202.7
3485 -51199.6
3501 -51186.1
3629 -51181.8
3630 -51180.5
3712 -51173
3753 -51172.5
3766 -51168.1
3815 -51144.5
3816 -51140.4
3874 -51117.8
3929 -51108.3
4032 -51098.6
4056 -51044.1
4102 -51010
4133 -51005.1
4232 -50987.7
4341 -50967.8
4432 -50966.1
4495 -50964.2
4521 -50883.5
4524 -50880.6
4591 -50879
4592 -50834.9
4718 -50780.7
4844 -50765.5
4923 -50755.9
5013 -50741
5193 -50712.3
5320 -50624.4
5475 -50621.4
5476 -50617.8
5533 -50610.2
5544 -50599.1
5683 -50595.7
5710 -50585.1
5811 -50578.9
5822 -50567.7
5898 -50539.4
5982 -50534.4
6039 -50521.6
6040 -50418.1
6234 -50365.9
6259 -50364.6
6329 -50352.2
6436 -50310.9
6535 -50301.8
6660 -50278.8
6810 -50262.5
7061 -50228.8
7125 -50228.8
7165 -50217.6
7197 -50213.3
7206 -50207.9
7215 -50192.6
7302 -50179.6
7353 -50178.8
7499 -50082
7510 -50063.5
7663 -50035.4
7744 -50018.7
7849 -50018.6
7877 -49990.6
7938 -49981.8
7944 -49957.7
8000 -49942.4
8051 -49928.3
8250 -49886.5
8545 -49885
8620 -49871.7
8656 -49821.6
8818 -49820.1
8838 -49818.3
8931 -49816.5
8932 -49809.5
9074 -49807.2
9106 -49802.9
9149 -49792.9
9167 -49789.7
9214 -49737.9
9384 -49737.7
9403 -49734.9
9465 -49731.7
9466 -49718.2
9688 -49713.4
9741 -49696.7
9813 -49674.3
9863 -49673
9928 -49662.7
10004 -49641.5
10115 -49638.2
10116 -49638.2
10123 -49615.6
10249 -49615
10250 -49609.6
10331 -49588.3
10357 -49581.6
10495 -49577.7
10505 -49569.4
10506 -49569.4
10512 -49558
10545 -49516.2
10558 -49514.7
10758 -49514.2
10776 -49461.1
10909 -49447
10910 -49435.2
11009 -49425.5
11083 -49423.4
11118 -49423.2
11177 -49417.7
11215 -49416.3
11247 -49408.8
11301 -49346.8
11674 -49326.5
11873 -49319.5
11905 -49313.8
11991 -49311.2
12056 -49308.1
12073 -49304.9
12098 -49265
12116 -49255.1
12206 -49199
12515 -49156.6
12654 -49146.5
12782 -49139.9
12927 -49121.2
12930 -49120.5
13009 -49111.6
13050 -49111.4
13054 -49105.7
13092 -49102.4
13172 -49082.9
13253 -49082.1
13283 -49051.7
13359 -49048.2
13494 -49043.8
13518 -49043.2
13578 -48999.9
13633 -48994
13805 -48985.8
13828 -48981.8
13907 -48969.6
13908 -48968.4
14318 -48937.8
14359 -48909.2
14461 -48864.8
14462 -48864.5
14503 -48862.6
14532 -48853.8
14772 -48849.9
14789 -48839.6
14829 -48818.5
14925 -48805.9
14984 -48805.9
15001 -48794.6
15110 -48786.8
15159 -48780.4
15206 -48773.4
15324 -48767.3
15326 -48764.3
15329 -48757.2
15528 -48750.1
15692 -48735.2
15734 -48702.3
15924 -48700.5
16033 -48692.7
16122 -48687.9
16189 -48684.5
16232 -48572.1
16699 -48551.2
17148 -48546.5
17250 -48532.6
17425 -48499.6
17428 -48488.8
17513 -48488.4
17517 -48473.4
17779 -48452.9
17808 -48447.2
17894 -48444.9
17985 -48418.1
18107 -48390.6
18419 -48381.3
18771 -48355
18946 -48303.7
19297 -48269.8
19314 -48264.6
19537 -48246.8
19623 -48243.5
19722 -48238.6
20705 -48152.4
21159 -48129.3
21202 -48126.8
21303 -48126.6
21304 -48111
21419 -48105.8
21426 -48104.5
21565 -48104
21646 -48098.1
21647 -48088.3
21887 -48081.2
21909 -48080.3
22078 -48074.6
22183 -48070.5
22289 -48025.3
22448 -48023.3
22567 -48022.6
22575 -47997.9
22637 -47988.2
22700 -47980
22739 -47956.5
22796 -47954.1
22885 -47930.1
22934 -47893.3
23006 -47872
23263 -47848.3
23386 -47848.3
23404 -47844.6
23507 -47822.7
23534 -47739.2
23812 -47733.3
24067 -47726.7
24427 -47725.9
24506 -47725.5
24528 -47652.3
24658 -47506.7
24732 -47467.9
24912 -47462.5
25051 -47445.6
25106 -47445.2
25316 -47442.2
25446 -47437.3
25480 -47434.9
25486 -47429.6
25750 -47383.9
25798 -47383.6
25843 -47363.5
25878 -47363.2
25916 -47329.3
26117 -47306.2
26245 -47302.8
26433 -47298.3
26445 -47281.1
26529 -47254.1
26814 -47245.7
26990 -47240.8
27008 -47236.3
27076 -47231.5
27545 -47210.1
27660 -47174.6
27791 -47166
27845 -47158.2
28053 -47147.4
28134 -47132.3
28241 -47124.7
28469 -47073
28503 -47072.1
28745 -47055.4
29190 -47050.6
29276 -47047.4
29593 -47032.2
29639 -47027.8
29667 -47024.9
29668 -47020.1
29927 -47019.1
29975 -47015.3
30004 -47005
30120 -47000.4
30245 -46986.1
30272 -46983.5
30401 -46967.4
30431 -46860.7
30634 -46781.4
30925 -46781
30939 -46771.2
30940 -46770.6
31295 -46767.1
31439 -46755.6
31707 -46732.9
32490 -46727.9
32878 -46708.8
33042 -46704.2
33105 -46698.1
33357 -46694.8
33423 -46693.8
33442 -46693.8
33662 -46681.7
33712 -46669.9
33905 -46664.7
34052 -46660.4
34209 -46659.8
34905 -46658.4
34933 -46657.3
35074 -46653.8
35121 -46649.6
35150 -46648.3
35280 -46643.9
35407 -46632.4
35703 -46624.4
36378 -46618.3
36438 -46616.5
36850 -46603
36964 -46584.3
37159 -46573
37403 -46564
37614 -46561.8
37634 -46558
37860 -46548.9
38256 -46534
38433 -46527.8
38550 -46506.5
38719 -46480.2
39087 -46457.8
39230 -46456.8
39240 -46451.1
39550 -46440.8
39684 -46400.9
39799 -46398.6
39804 -46394.8
39914 -46382.5
40270 -46374.7
40684 -46372.4
40717 -46372.4
40847 -46367.6
40887 -46340.2
41008 -46337.2
41198 -46329.6
41240 -46294.8
41613 -46286.9
41730 -46269.7
41897 -46268.6
41949 -46267.9
42234 -46259.6
42469 -46257.4
42670 -46236.2
42728 -46223.5
43034 -46213.4
43125 -46202.2
43845 -46199.3
43973 -46197
44119 -46185.5
44499 -46168.4
44542 -46144.9
44693 -46144.8
44800 -46139.4
44821 -46138.8
45082 -46133.4
45177 -46133.3
45259 -46128.4
45260 -46119.7
45561 -46100.8
45672 -46082.9
45908 -46061.1
46728 -46044.9
46993 -46038.2
47096 -46037.2
47165 -46033.7
47203 -46033.6
47210 -46029.3
47454 -46028.7
47931 -46020.1
48037 -46020.1
48127 -46004.9
48545 -45968.2
48712 -45968.1
48815 -45961.3
48922 -45957.3
48933 -45946.4
49142 -45933.6
49237 -45927.6
49446 -45925.4
49720 -45923.9
49729 -45919.2
49826 -45911.9
49924 -45905.5
49936 -45904.8
50078 -45899.7
50110 -45897.4
50221 -45894.2
50364 -45892.3
50581 -45887
50621 -45886.9
50748 -45886.4
50858 -45875.2
51181 -45864.3
51323 -45863.7
51458 -45863
51469 -45858.7
51768 -45855.5
51769 -45853.5
52222 -45849
52307 -45825
52644 -45807.5
52689 -45803.8
52854 -45789.6
53323 -45775.9
53549 -45771.1
53831 -45730.4
54050 -45713.5
54100 -45707.1
54729 -45641
55061 -45637.5
55511 -45637.2
55575 -45635.9
55799 -45611.8
56735 -45609.9
56771 -45608.4
57056 -45607
57205 -45601.8
57294 -45586.4
57503 -45576.6
58135 -45572.3
58377 -45569.8
58612 -45567.8
58708 -45565.1
59052 -45555.1
59106 -45551.5
59272 -45515.2
59342 -45501.8
59467 -45501.1
59746 -45501
59889 -45488.1
61155 -45486.3
61514 -45484.7
61705 -45483.3
61788 -45482.5
61832 -45473.9
62033 -45467.6
62259 -45457.2
62282 -45453.9
62392 -45447.7
62562 -45436.5
62964 -45431.3
62965 -45430
62994 -45411.3
63148 -45379.7
63707 -45367.9
64249 -45366.6
64352 -45361.5
64547 -45360.2
64903 -45360.1
64949 -45344.8
65019 -45339.5
65073 -45335
65081 -45324.1
65134 -45315.2
65138 -45313.2
65157 -45289.5
65308 -45269.5
65425 -45266.3
65662 -45265.5
65700 -45235.1
66008 -45233.6
66120 -45220.4
66569 -45216.2
66879 -45216
66919 -45213.7
67027 -45192.2
67558 -45174.8
68083 -45171.7
68159 -45167.3
68283 -45161.9
68324 -45151.8
68567 -45148.2
68886 -45148
68989 -45142.2
69030 -45117.1
69166 -45113.7
69791 -45105.3
70475 -45101.9
71082 -45095.2
71347 -45089.4
71629 -45084.9
72064 -45081.2
72263 -45076.5
73014 -45074.1
73301 -45059.8
73610 -45056.4
73735 -45056.2
73775 -45051.1
73811 -45042.3
74311 -45039.9
74319 -45028.6
75308 -45018.2
75338 -45005.2
76042 -45004.9
76090 -45001.2
76698 -44998.7
77185 -44990.8
77482 -44988.9
78042 -44985.2
79009 -44982.2
80318 -44971.9
80599 -44966.2
81008 -44960.5
81347 -44955.6
81621 -44943.6
81753 -44936.1
81916 -44931.3
83138 -44930.4
83213 -44929.6
83325 -44926.6
83464 -44923.4
83465 -44913.4
83861 -44878.5
83931 -44870.4
84491 -44870.2
84985 -44869.6
85457 -44861.3
85579 -44857.3
86051 -44854
86491 -44851.8
86567 -44841.1
86656 -44812.5
86904 -44809.3
87508 -44790.2
87838 -44778
88263 -44777.1
88582 -44769.2
88635 -44731.8
88845 -44705.9
88910 -44702.5
89073 -44691.1
89116 -44685.7
89502 -44685.2
89705 -44684.7
89874 -44683.2
90741 -44679.7
90913 -44676.3
91245 -44673.4
91417 -44663
92195 -44642.8
92806 -44635.9
93111 -44621.8
95240 -44616.7
95538 -44608.7
95780 -44602.2
95815 -44598.7
96060 -44581.3
96388 -44548.4
96528 -44535.2
96679 -44516.2
97719 -44499.1
97901 -44477.8
98442 -44474.9
98958 -44470.5
99884 -44462.5
