1 5570
2 5543
5 5493
33 5443
114 5441
116 5421
220 5416
352 5410
359 5403
392 5399
402 5398
533 5393
562 5389
571 5386
572 5384
602 5362
717 5357
807 5344
839 5316
1039 5308
1152 5275
1211 5267
1284 5263
1296 5253
1331 5240
1342 5226
1452 5224
1471 5217
1505 5192
1702 5190
1703 5158
1974 5155
2051 5152
2115 5147
2216 5146
2237 5143
2245 5122
2386 5107
2486 5105
2558 5091
2615 5090
2698 5085
2753 5056
2928 5052
3086 5051
3093 5043
3197 4973
3303 4971
3432 4970
3501 4965
3712 4960
3731 4955
3816 4954
4020 4953
4027 4952
4056 4948
4118 4944
4133 4938
4216 4908
4343 4899
4516 4881
4663 4880
4730 4879
4769 4871
4874 4870
4925 4869
4926 4867
4998 4861
5050 4860
5075 4857
5103 4852
5320 4840
5475 4837
5544 4829
5710 4828
5742 4801
6040 4782
6259 4777
6260 4775
6339 4773
6385 4770
6436 4768
6453 4746
6677 4745
6950 4742
6981 4736
7079 4731
7118 4726
7151 4725
7206 4719
7394 4708
7406 4704
7499 4688
7510 4686
7611 4683
7823 4682
7873 4680
7877 4668
7938 4667
8015 4656
8132 4655
8160 4651
8218 4650
8300 4649
8316 4639
8424 4637
8451 4635
8589 4625
8656 4617
8825 4616
8826 4615
8875 4614
8932 4613
9003 4612
9008 4610
9120 4609
9140 4607
9214 4595
9466 4592
9640 4591
9702 4590
9741 4587
9773 4584
9958 4583
9972 4576
10098 4575
10101 4574
10123 4571
10138 4570
10219 4569
10220 4567
10413 4549
10545 4548
10776 4543
10909 4542
10910 4538
10941 4533
11108 4529
11240 4527
11301 4517
11501 4514
11608 4513
11613 4507
11714 4502
11736 4496
11932 4495
11943 4494
12021 4490
12098 4481
12206 4471
12407 4468
12515 4459
12815 4454
12927 4450
13009 4449
13171 4447
13172 4437
13283 4436
13290 4432
13429 4431
13494 4428
13571 4427
13578 4421
13626 4417
13927 4414
14246 4413
14250 4411
14359 4392
14637 4391
14758 4386
14829 4378
14950 4376
15001 4375
15101 4373
15324 4372
15326 4367
15528 4364
15692 4359
15889 4344
16200 4338
16232 4335
16419 4328
16740 4326
16856 4325
16987 4323
17118 4320
17200 4316
17367 4309
17428 4301
17683 4296
17808 4289
17894 4278
18029 4277
18289 4276
18437 4271
18689 4269
18721 4266
18919 4264
18946 4257
19404 4256
19452 4250
19533 4246
19680 4243
19815 4242
19850 4241
20021 4238
20168 4237
20399 4235
20417 4234
20554 4227
20705 4204
21137 4203
21242 4187
21659 4186
21824 4182
21828 4179
21887 4174
22289 4170
22431 4169
22485 4167
22535 4163
22658 4162
22738 4161
22739 4159
22796 4158
22857 4157
22875 4152
22885 4149
22934 4138
23006 4135
23194 4134
23234 4132
23368 4129
23452 4128
23514 4121
23534 4105
23721 4102
23923 4101
24358 4077
24658 4048
24732 4037
24827 4034
25106 4031
25484 4029
25750 4023
25915 4021
25916 4017
26386 4016
26445 4013
26529 4008
27157 4007
27238 4006
27508 4005
27527 4003
27660 3998
27702 3990
28029 3984
28232 3977
28927 3975
28968 3963
29166 3959
29279 3958
29407 3956
29593 3955
29667 3950
29708 3949
30004 3946
30259 3942
30260 3941
30380 3917
30422 3914
30634 3909
30925 3907
31020 3906
31455 3905
31582 3904
31745 3903
31796 3902
31906 3901
32029 3899
32106 3894
32490 3889
32878 3880
33105 3879
33281 3877
33712 3875
34052 3874
34193 3873
34339 3872
34547 3871
34687 3870
35086 3868
35249 3863
35669 3862
36378 3860
36381 3859
36564 3858
36642 3857
36850 3855
37159 3848
37597 3847
37634 3846
37905 3845
38031 3843
38294 3837
38719 3833
38741 3831
39020 3828
39246 3824
39550 3822
39561 3820
39684 3815
39804 3811
40125 3809
40483 3808
40809 3807
40847 3806
40887 3800
41011 3797
41613 3792
42234 3791
42341 3790
42660 3789
42728 3788
42905 3787
42924 3784
43228 3779
43748 3778
43845 3777
43890 3767
44069 3766
44542 3765
44800 3764
44807 3757
45076 3755
45203 3754
45428 3747
45672 3743
45953 3740
46291 3738
46649 3737
46728 3734
47064 3728
47347 3724
47661 3720
48178 3719
48187 3712
48656 3706
48933 3689
49285 3688
49826 3686
50049 3685
50364 3684
50509 3683
50582 3676
51181 3674
51323 3670
51514 3669
51751 3666
51901 3664
52307 3661
52644 3659
52854 3657
52914 3656
53194 3655
53299 3654
53660 3641
54099 3640
54114 3639
54507 3637
54729 3626
55575 3625
55639 3624
56204 3622
57294 3616
57503 3615
57834 3613
58728 3612
59052 3609
59272 3606
59273 3603
59520 3602
59899 3601
60013 3599
60511 3596
61170 3594
61514 3592
61754 3591
61916 3590
62000 3589
62137 3588
62216 3587
62964 3586
62965 3581
62994 3575
63148 3574
63589 3569
64381 3565
64599 3558
64857 3557
64903 3549
65762 3543
66384 3539
66569 3538
66965 3537
67403 3536
67558 3532
67903 3530
68000 3529
68159 3528
68358 3527
68989 3526
69030 3520
70393 3518
71470 3516
71897 3515
71958 3506
72904 3505
73014 3501
73301 3496
73990 3494
74311 3489
75338 3482
76536 3481
76698 3480
78042 3479
78933 3478
80318 3476
80664 3473
81008 3468
82884 3465
83793 3452
85051 3450
86133 3448
86141 3442
87031 3441
87508 3438
87878 3433
87967 3429
88635 3425
88753 3417
88845 3416
89796 3413
90336 3412
90365 3409
90741 3408
91417 3405
91803 3403
92195 3402
92908 3401
93111 3400
93483 3394
94352 3393
95075 3392
95149 3390
95158 3388
95538 3385
95780 3384
95815 3381
96388 3373
96934 3372
97266 3371
97408 3369
97719 3364
98333 3361
98450 3360
99266 3357
99308 3355
99441 3354
