1 -53136.9
6 -52957.1
40 -52950.8
50 -52929.9
52 -52864.3
56 -52842.7
86 -52835.4
179 -52780.9
258 -52779.8
310 -52775.9
315 -52763.8
358 -52642.1
452 -52551.8
547 -52514.2
602 -52500.9
723 -52447
724 -52402.9
805 -52396
833 -52340.2
890 -52334.7
940 -52329
944 -52327
948 -52323.7
1008 -52310.9
1069 -52308.5
1121 -52308.1
1149 -52296.5
1162 -52291.2
1265 -52282.6
1272 -52274.8
1352 -52266.3
1416 -52242.3
1512 -52218.3
1623 -52214.8
1673 -52203.1
1735 -52131.3
1951 -52124.3
2128 -52039.3
2177 -52006.5
2224 -52003.8
2385 -51979
2530 -51947.2
2675 -51945.5
2767 -51939.6
2787 -51895.6
2803 -51892
2804 -51882.8
3065 -51858
3143 -51829.6
3173 -51723.7
3347 -51721.4
3514 -51718.7
3556 -51702.2
3580 -51691
3612 -51685.1
3771 -51598.7
3840 -51596.2
3909 -51594.7
3928 -51586.5
3960 -51585.4
4126 -51556.3
4203 -51533.5
4316 -51511.2
4413 -51509.3
4434 -51505.7
4587 -51476.3
4662 -51448.7
4731 -51429.6
4805 -51424.3
4883 -51423.1
5094 -51389.4
5251 -51389.2
5327 -51387.1
5371 -51369.3
5409 -51346.6
5487 -51314
5516 -51228.7
5627 -51220.8
5808 -51149.1
5920 -51142.8
6024 -51077.7
6120 -51059.5
6269 -51026.1
6417 -51012.5
6474 -50927.5
6670 -50923.2
6702 -50901.8
6713 -50901.1
6792 -50898.5
6812 -50884.9
6882 -50693.8
6910 -50669
6976 -50662.5
7004 -50627.3
7041 -50597.6
7174 -50587.2
7175 -50574.3
7225 -50535.9
7272 -50530.6
7419 -50529.3
7479 -50469.5
7660 -50450.7
7854 -50389.2
7916 -50370.1
8149 -50365
8150 -50360
8237 -50351.9
8317 -50332
8344 -50322.2
8424 -50321
8460 -50270.8
8612 -50270.7
8660 -50258.9
8693 -50239.3
8852 -50223.7
9081 -50223
9135 -50187.7
9160 -50165.4
9207 -50164.2
9237 -50041.7
9270 -54935.9
9321 -49896.9
9322 -49813.2
9420 -49802.1
9588 -49783.2
9620 -49754.9
9723 -49732.1

