1 5574
6 5517
39 5477
60 5464
158 5448
210 5442
358 5383
452 5381
547 5368
714 5365
723 5359
724 5345
833 5333
911 5322
1052 5318
1149 5311
1211 5287
1241 5274
1467 5272
1515 5270
1547 5264
1592 5247
1667 5246
1741 5232
1871 5231
1912 5226
1951 5222
2022 5217
2079 5210
2128 5209
2177 5200
2224 5192
2408 5188
2530 5187
2553 5186
2734 5184
2770 5176
2831 5173
3009 5171
3034 5167
3061 5132
3173 5124
3234 5123
3367 5122
3447 5120
3540 5114
3574 5112
3601 5109
3747 5107
3771 5074
3840 5073
3927 5072
3960 5060
4115 5057
4272 5056
4316 5052
4364 5050
4413 5049
4452 5047
4475 5037
4587 5035
4660 5028
4731 5024
4805 5023
4909 5022
4932 5014
5010 5011
5204 5010
5210 5005
5379 4996
5412 4985
5487 4977
5627 4975
5655 4972
5709 4961
5808 4942
5972 4939
6024 4912
6269 4906
6342 4864
6597 4861
6702 4859
6822 4850
6882 4824
6976 4820
7004 4814
7041 4806
7174 4803
7272 4801
7305 4800
7346 4790
7468 4782
7666 4780
7801 4768
7916 4755
8109 4749
8237 4748
8344 4742
8460 4740
8517 4738
8524 4737
8577 4732
8660 4731
8693 4730
8716 4724
9005 4700
9262 4688
9437 4674
9528 4654
9599 4648
9620 4643
9701 4632

