1 -26074.5
49 -26026.7
98 -25982.9
238 -25918.7
249 -25858.7
418 -25821.7
527 -25789.6
530 -25774.4
549 -25733.3
624 -25715.1
673 -25672
800 -25663.1
862 -25630.8
940 -25597.1
1008 -25557.5
1049 -25553.3
1060 -25258.7
1103 -25219
1402 -25155.5
1487 -24972.6
1545 -24913.6
1562 -24870.1
1634 -24790.5
1797 -24717
1983 -24693.3
2042 -24688.7
2114 -24565.6
2231 -24452.2
2392 -24434.6
2438 -24319.5
2515 -24231.6
2830 -24225.9
2894 -24219.3
2927 -24195.4
3074 -24157.9
3105 -24114.6
3199 -24108
3283 -24071.1
3318 -24066.8
3369 -23993.8
3570 -23990.2
3610 -23984
3733 -23967.3
3734 -23916.1
3782 -23904.9
3827 -23902.9
3841 -23902.1
3947 -23856.8
4109 -23801.5
4266 -23795.3
4302 -23762.4
4349 -23761.5
4410 -23754.3
4459 -23739.4
4584 -23666.3
4654 -23556.1
4743 -23540.4
4917 -23519.4
5162 -23509.1
5274 -23466
5532 -23415.1
5619 -23379.1
5807 -23317
5951 -23220.5
6225 -23198.5
6334 -23164.5
6586 -23148.8
6821 -23108.1
7168 -23105.7
7741 -23091.6
7797 -23028.9
8156 -23017.9
8553 -23017.9
8595 -23017.1
8712 -23013
8777 -22994.8
10053 -22987.9
10275 -22986.5
10844 -22969.7
10892 -22931.4
11148 -22898.3
12034 -22837.8
12343 -22831
12531 -22762.1
12828 -22752.2
13141 -22751.8
13196 -22719.3
13582 -22703.6
13812 -22647
14108 -22631.6
14694 -22629.1
15210 -22615
15806 -22609.6
16188 -22554.3
16853 -22549
18402 -22548.3
20545 -22547.5
21378 -22547.4
25650 -22518.3
27040 -22518.1
27207 -22516
27563 -22514
27730 -22512.1
28288 -22505.6
28973 -22501.1
30044 -22495.3
30331 -22492.2
31361 -22481.6
32475 -22462.4
33817 -22448.5
35756 -22439.6
36199 -22430.4
37582 -22417.6
38331 -22417.4
40453 -22416.6
42115 -22413.7
43583 -22410.9
43879 -22398
45317 -22392.9
45743 -22389
55569 -22381.7
55884 -22373.2
56050 -22347.1
56781 -22346.9
57535 -22344.8
57536 -22339.9
58358 -22332.4
60541 -22329.5
61064 -22301.7
