1 7236
23 7207
49 7186
135 7176
180 7139
238 7090
249 7039
336 7004
467 6885
607 6824
720 6812
805 6747
940 6731
958 6701
1066 6695
1148 6680
1174 6669
1187 6648
1222 6646
1240 6625
1304 6611
1326 6522
1507 6507
1562 6401
1721 6343
1797 6313
1822 6297
1929 6291
2006 6276
2054 6266
2111 6249
2141 6246
2182 6245
2242 6193
2252 6191
2337 6183
2338 6162
2446 6119
2501 6117
2530 6093
2636 6089
2706 6054
2821 6024
2860 6013
3020 5980
3121 5934
3363 5933
3515 5915
3570 5909
3637 5905
3642 5902
3691 5881
3734 5876
3739 5874
3828 5848
3947 5820
4075 5809
4126 5804
4140 5797
4222 5778
4407 5771
4459 5689
4584 5679
4861 5667
4937 5665
5013 5656
5207 5652
5244 5612
5658 5607
5721 5582
5807 5567
5951 5541
6026 5538
6334 5513
6586 5508
6821 5503
7037 5495
7418 5488
7684 5482
7797 5459
8061 5451
8712 5442
9678 5435
9884 5432
10253 5411
10531 5399
10738 5392
10832 5380
10844 5374
10892 5367
11148 5355
11585 5350
11832 5348
11903 5345
12034 5335
12343 5315
12531 5276
12828 5272
13141 5266
13196 5251
13582 5247
13736 5244
13812 5231
14108 5218
15229 5214
15727 5213
15806 5195
16188 5188
19633 5186
24601 5183
25496 5168
28287 5167
28288 5160
28973 5152
31361 5151
31855 5144
33817 5128
35393 5126
36199 5124
36751 5121
37415 5120
37849 5116
38380 5114
38620 5113
40289 5110
42509 5107
44741 5106
45208 5103
49143 5102
49277 5098
49647 5091
52851 5088
54129 5071
55884 5063
57535 5060
57608 5054
60689 5052
61046 5045
66809 5043
74367 5039
81673 5037
85201 5034
