1 -53397.3
2 -53209.3
7 -52976.8
26 -52945.4
29 -52873.7
79 -52805.8
214 -52805.8
252 -52769.5
321 -52719.9
329 -52671.2
379 -52612.5
405 -52601.9
544 -52599.7
571 -52591.2
592 -52584.4
637 -52581
641 -52516
647 -52295.4
737 -52164.3
851 -52137.3
934 -52131.4
1013 -52106.7
1088 -52104.6
1129 -52098.2
1270 -52092.4
1300 -52089.1
1305 -52069.3
1337 -51994.9
1426 -51947.7
1511 -51945.4
1524 -51937.5
1539 -51931.8
1541 -51805.8
1602 -51798
1709 -51763.6
1717 -51759.8
1729 -51678.1
1744 -51670.5
1775 -51670.2
1776 -51664.1
1820 -51633.3
1911 -51590.2
2040 -51577.7
2206 -51490.1
2289 -51483.6
2317 -51477
2318 -51468.6
2324 -51468.2
2400 -51467.1
2503 -51441
2694 -51390.5
2735 -51356.5
2818 -51296.6
2933 -51295.6
3023 -51276.4
3027 -51273.1
3085 -51237.3
3189 -51228.4
3323 -51227.8
3324 -51227.4
3343 -51220.9
3420 -51199
3505 -51186
3569 -51144.3
3624 -51136.7
3710 -51127.8
3719 -51116.8
3849 -51103.2
3947 -51101.2
4004 -51096.7
4057 -51094.7
4077 -51087.5
4117 -51018.2
4191 -51011.6
4287 -51009.5
4321 -51000.3
4419 -50995
4457 -50976.9
4474 -50976.1
4506 -50973
4681 -50957.8
4693 -50955.2
4703 -50946.7
4708 -50945.9
4793 -50938.3
4806 -50933.1
4815 -50932.9
4918 -50932.7
4967 -50912.4
4999 -50882.9
5098 -50866.7
5125 -50866.7
5254 -50866.7
5275 -50865.2
5333 -50844.5
5413 -50810.8
5502 -50804.3
5568 -50790
5693 -50783.7
5720 -50769.9
5738 -50763
5901 -50763
5913 -50754.3
5959 -50721.2
6014 -50708.9
6022 -50693.5
6210 -50643.5
6257 -50616.5
6258 -50611.6
6383 -50604.6
6524 -50575.9
6608 -50562.3
6717 -50543.3
6769 -50528
6838 -50527.7
6908 -50527.7
6923 -50516.3
7067 -50514.7
7201 -50504.7
7340 -50501.2
7447 -50480.2
7475 -50465.9
7553 -50436.2
7628 -50431.5
7721 -50431.5
7802 -50431.5
7807 -50406.3
7841 -50400.3
7907 -50392.3
8144 -50391.5
8337 -50354.6
8364 -50297.5
8500 -50290
8537 -50290
8703 -50290
8808 -50290
8823 -50285.2
8894 -50277.5
8906 -50275.8
8985 -50270.3
9062 -50263.6
9205 -50254.7
9209 -50240.8
9259 -50237.7
9311 -50237.4
9354 -50236.3
9412 -50236.3
9449 -50212.9
9494 -50211.4
9502 -50192
9595 -50190.5
9683 -50190.5
9711 -50185.2
9717 -49978.8
9867 -49875.8
9910 -49782.8
9942 -49712.4
9944 -49684.5
9985 -49643.2

