1 5659
2 5587
7 5541
9 5502
29 5489
54 5485
79 5464
162 5463
213 5457
223 5449
252 5439
321 5411
379 5397
544 5393
571 5392
641 5370
647 5303
768 5299
845 5294
893 5292
912 5287
1063 5266
1230 5265
1270 5262
1337 5245
1426 5244
1431 5235
1541 5171
1776 5164
1820 5162
1911 5150
2040 5144
2123 5133
2156 5082
2536 5079
2694 5077
2723 5076
2818 5048
2933 5043
2934 5039
3225 5033
3272 5030
3339 5028
3340 5026
3507 5024
3605 5022
3636 5013
3837 5012
3907 5011
3978 5009
3991 5008
4077 5002
4118 4999
4191 4996
4319 4994
4439 4981
4746 4978
4771 4977
4912 4975
5017 4974
5078 4973
5111 4971
5179 4970
5256 4967
5316 4963
5323 4961
5413 4958
5486 4949
5675 4946
5853 4944
5876 4941
5947 4936
6149 4913
6257 4911
6383 4905
6607 4902
6699 4896
6923 4893
7027 4889
7170 4887
7365 4883
7400 4882
7475 4881
7553 4878
7710 4877
7807 4874
7841 4872
7848 4866
7877 4863
8109 4862
8200 4858
8210 4854
8329 4852
8428 4851
8608 4849
8628 4836
8911 4834
9138 4833
9156 4829
9449 4823
9494 4810
9630 4789
9680 4743
9712 4731
9865 4717
9985 4711

