1 -141942
3 -141795
7 -141736
8 -141702
12 -141404
22 -141375
24 -141236
306 -140974
472 -140845
615 -140845
640 -140842
705 -140826
799 -140799
825 -140781
851 -140769
986 -140757
1025 -140748
1026 -140746
1058 -140740
1196 -140735
1283 -140729
1302 -140721
1327 -140708
1401 -140704
1497 -140673
1532 -140669
1587 -140655
1608 -140641
1751 -140639
1752 -140623
1831 -140618
1928 -140617
1947 -140614
1960 -140584
1971 -140534
2025 -140518
2097 -140518
2140 -140505
2293 -140495
2315 -140476
2407 -140464
2509 -140464
2522 -140464
2584 -140448
2609 -140444
2614 -140379
2631 -140367
2711 -140352
2747 -140334
2913 -140328
2915 -140315
2916 -140300
3016 -140298
3045 -140290
3132 -140276
3158 -140268
3167 -140219
3260 -140207
3270 -140130
3467 -140129
3490 -140119
3568 -140119
3641 -140117
3710 -140116
3711 -140113
3716 -140044
3829 -140033
3906 -140031
3909 -140027
3911 -140024
3963 -140019
4009 -140011
4133 -139988
4134 -139945
4224 -139914
4294 -139882
4354 -139784
4476 -139767
4514 -139767
4609 -139754
4621 -139720
4638 -139694
4704 -139681
4748 -139660
4840 -139659
4853 -139645
4863 -139627
4910 -139596
4989 -139586
5026 -139579
5070 -139515
5128 -139513
5280 -139513
5292 -139499
5307 -139478
5383 -139453
5428 -139438
5492 -139389
5681 -139386
5704 -139377
5740 -139360
5819 -139346
5925 -139309
5931 -139254
5932 -139250
6020 -139245
6088 -139243
6107 -139240
6191 -139227
6236 -139218
6304 -139195
6320 -139012
6368 -138982
6426 -138970
6478 -138970
6528 -138937
6624 -138932
6678 -138930
6701 -138899
6844 -138865
6860 -138816
6979 -138808
7006 -138808
7031 -138775
7109 -138734
7206 -138730
7332 -138706
7384 -138701
7441 -138692
7442 -138686
7607 -138666
7677 -138645
7710 -138641
7798 -138640
7802 -138624
7813 -138623
7817 -138610
7818 -138595
7837 -138588
7958 -138564
8017 -138511
8026 -138511
8114 -138507
8144 -138500
8213 -138439
8331 -138404
8472 -138403
8544 -138326
8608 -138318
8752 -138277
8920 -138256
9001 -138135
9002 -138113
9108 -138106
9203 -138106
9204 -138106
9302 -138092
9354 -137994
9501 -137873
9551 -137866
9636 -137590
9791 -137573
9815 -137528
9999 -137477
