1 38859
3 38751
18 38649
24 38645
45 38490
306 38317
640 38300
782 38273
851 38259
909 38239
1129 38231
1130 38228
1148 38227
1221 38208
1320 38205
1363 38201
1403 38192
1423 38187
1613 38184
1639 38180
1652 38134
1752 38131
1828 38129
1884 38126
1947 38114
1971 38106
2026 38101
2075 38082
2129 38068
2219 38067
2261 38066
2262 38064
2369 38060
2392 38059
2410 38058
2423 38054
2450 38048
2512 38047
2520 38041
2572 38040
2631 38038
2643 38032
2666 38026
2670 38018
2748 38013
2872 37998
2877 37989
2965 37986
3023 37981
3034 37968
3048 37956
3167 37898
3270 37872
3486 37861
3569 37859
3768 37794
3982 37789
4084 37787
4195 37774
4204 37727
4333 37719
4410 37710
4447 37705
4536 37703
4678 37700
4699 37634
4806 37630
4863 37627
4910 37626
4920 37615
4940 37574
5081 37572
5278 37556
5390 37536
5535 37528
5607 37526
5634 37524
5739 37493
5850 37471
6020 37467
6110 37466
6236 37447
6320 37443
6368 37442
6377 37419
6393 37396
6416 37394
6457 37388
6458 37368
6616 37353
6701 37342
6844 37336
6860 37311
7031 37278
7109 37271
7206 37265
7332 37259
7543 37243
7607 37238
7710 37227
7798 37211
7837 37204
8026 37185
8144 37173
8145 37163
8178 37147
8213 37138
8397 37125
8472 37110
8570 37108
8651 37073
8876 37064
8896 37035
8928 37033
9034 37016
9048 36995
9182 36966
9354 36961
9461 36932
9697 36901
9807 36863
9841 36812
9852 36796
9956 36758

