1 -53072.7
24 -52935.5
27 -52815.3
63 -52811.1
155 -52806.8
216 -52795.3
269 -52788.6
288 -52774.4
296 -52774.2
303 -52764.1
385 -52712.1
402 -52673.2
407 -52662.2
444 -52618.9
509 -52602.3
513 -52596.9
550 -52591
611 -52449.2
766 -52445.1
839 -52445.1
857 -52435
906 -52407.2
993 -52401.1
1027 -52399.4
1029 -52352.1
1047 -52325.2
1101 -52298.2
1112 -52297.8
1140 -52297.8
1148 -52296.5
1154 -52295.1
1187 -52258.4
1220 -52255.6
1259 -52255.5
1287 -52254.3
1290 -52238.9
1303 -52237.6
1348 -52227.3
1364 -52227.1
1388 -52208.9
1401 -52195.7
1410 -52117
1502 -52069.1
1505 -52062.6
1510 -52060
1524 -52043.3
1567 -52019.4
1614 -52014.8
1618 -52014.5
1636 -52003
1663 -52000.3
1711 -51997.8
1713 -51990.3
1719 -51984.4
1736 -51969
1801 -51937.1
1945 -51935.8
1952 -51898.9
1956 -51889.3
2025 -51886.5
2027 -51885.2
2077 -51881.7
2081 -51867.9
2109 -51863.2
2124 -51856.5
2216 -51851.5
2240 -51824.1
2263 -51814.7
2312 -51806.6
2321 -51786.5
2353 -51786.3
2366 -51752
2372 -51750.9
2428 -51720.4
2434 -51719.6
2435 -51719.6
2542 -51719.6
2554 -51706.3
2600 -51702.6
2712 -51693.9
2738 -51689.8
2777 -51683.9
2785 -51671.5
2819 -51653.1
2857 -51625.5
2916 -51610.9
2938 -51604.8
3070 -51603.2
3129 -51589.6
3164 -51577.7
3190 -51548.3
3242 -51519.9
3304 -51517
3309 -51509.9
3382 -51501.2
3392 -51485.1
3432 -51478.6
3433 -51475.7
3460 -51458.6
3518 -51453
3552 -51403.3
3696 -51403.3
3704 -51349.6
3812 -51337.8
3816 -51333.7
3879 -51314.4
3917 -51304.3
4003 -51298.9
4064 -51288
4090 -51276.8
4117 -51255.9
4203 -51255.7
4303 -51252.3
4311 -51248.5
4442 -51240.2
4504 -51235.9
4537 -51152.1
4623 -51084.1
4714 -51084.1
4720 -51073.7
4810 -51072.6
4830 -51069.2
4874 -51067.4
4898 -51067.4
4929 -51067
4937 -51064.1
4941 -51061.6
5008 -51035.2
5177 -51027
5226 -51026
5228 -51026
5246 -51025.8
5306 -51015.8
5307 -51012.8
5360 -51004.8
5436 -51004.7
5444 -50975.6
5512 -50967.9
5551 -50960.9
5671 -50922.9
5757 -50904
5815 -50896.6
5857 -50886
5911 -50849.5
5916 -50773
5924 -50748.8
5940 -50707.4
6033 -50702.3
6100 -50694.2
6167 -50617.3
6172 -50607.6
6255 -50597.3
6265 -50567.7
6313 -50553.9
6404 -50538.5
6513 -50536.4
6584 -50534.7
6618 -50533
6805 -50530.5
6806 -50521.8
6812 -50518.1
6921 -50510.9
6957 -50509.7
7022 -50505
7041 -50495.9
7236 -50469.2
7304 -50466.5
7336 -50459.3
7402 -50349.9
7455 -50345
7571 -50343.2
7614 -50337
7846 -50335.6
7859 -50326.7
7884 -50309.6
8076 -50301.3
8128 -50274.7
8322 -50259.6
8368 -50254.5
8371 -50246.9
8431 -50246.6
8432 -50244
8437 -50243.7
8521 -50222.7
8561 -50207.2
8626 -50195.4
8749 -50192.6
8812 -50185.6
8858 -50183.9
8930 -50183.9
8977 -50175.2
8987 -50172.2
9033 -50172
9132 -50142.2
9334 -50121.2
9528 -50112.9
9560 -50045.8
9566 -50018.7
9654 -50009.2
9731 -49998.1
9829 -49989.1
9993 -49972.3

