1 5539
27 5451
152 5444
208 5441
293 5439
350 5436
385 5405
407 5385
444 5383
513 5374
611 5325
848 5324
906 5305
993 5282
1101 5278
1112 5277
1140 5274
1154 5268
1229 5267
1259 5265
1262 5262
1271 5253
1316 5251
1329 5237
1410 5231
1510 5230
1511 5223
1712 5218
1731 5213
1832 5212
1860 5209
2025 5205
2083 5200
2240 5197
2250 5196
2261 5194
2263 5177
2312 5176
2372 5170
2435 5169
2554 5167
2600 5166
2666 5165
2668 5164
2712 5163
2738 5161
2803 5160
2819 5156
2829 5155
2952 5151
3055 5148
3078 5141
3126 5139
3209 5136
3254 5129
3257 5123
3353 5121
3380 5109
3390 5106
3640 5103
3648 5102
3653 5097
3733 5096
3817 5095
3879 5092
3922 5080
4064 5079
4086 5078
4090 5074
4153 5065
4293 5060
4295 5059
4351 5056
4394 5054
4456 5052
4537 5045
4658 5043
4674 5040
4691 5036
4845 5030
4898 5029
4926 5025
4961 5024
5143 5021
5216 5019
5251 5013
5340 5012
5386 5004
5467 5002
5647 5001
5658 5000
5757 4995
5784 4994
5793 4993
5809 4954
5924 4952
5940 4945
6092 4927
6197 4925
6315 4921
6404 4914
6429 4913
6550 4912
6554 4910
6556 4904
7172 4893
7321 4892
7364 4865
7398 4859
7521 4854
7587 4853
7718 4852
7724 4850
7768 4847
7797 4831
7991 4830
8076 4828
8086 4825
8231 4824
8234 4823
8295 4817
8432 4808
8437 4807
8509 4803
8749 4800
8766 4795
8826 4792
8977 4772
9223 4764
9368 4762
9466 4752
9499 4743
9647 4737
9731 4722
9993 4710
