1 -26236.3
20 -26196.4
22 -26070.4
35 -26018.6
96 -26007
200 -25979.5
317 -25978
348 -25874.4
580 -25850.3
584 -25744.1
848 -25677.6
942 -25495.5
1073 -25448.7
1225 -25424.1
1306 -25379.1
1409 -25315.9
1713 -25314
1775 -25272
1836 -25261.9
1905 -25248.3
1906 -25231.5
1999 -25168.5
2010 -25161.7
2199 -25110.2
2316 -25083.2
2434 -25067.4
2504 -24952.1
2515 -24950.5
2678 -24846.4
2727 -24829.6
3089 -24828.4
3162 -24757.7
3576 -24756.3
3802 -24742.6
3810 -24700.2
4227 -24666.7
4360 -24641.1
4754 -24633.8
4979 -24558.4
5001 -24076.7
5003 -23969.3
5004 -23700.1
5007 -23670.4
5032 -23642.2
5034 -23614.5
5087 -23612.7
5248 -23588.1
5253 -23543
5288 -23456.2
5421 -23398.7
6531 -23364.5
6844 -23359.5
6865 -23353.8
7026 -23342.8
7139 -23339.2
7687 -23329.5
7905 -23317.4
8165 -23305.2
8496 -23252.5
8727 -23252.3
8764 -23238.1
9493 -23208.0

