1 7447
5 7323
7 7295
44 7108
250 7081
401 7080
409 7072
452 7063
464 7057
486 7036
517 6987
601 6980
652 6961
719 6913
819 6892
824 6884
905 6874
1073 6870
1085 6868
1137 6864
1139 6838
1171 6811
1209 6809
1251 6805
1303 6774
1367 6714
1424 6668
1508 6611
1680 6558
1711 6541
1885 6529
1916 6513
1938 6508
2039 6472
2104 6429
2307 6426
2389 6403
2442 6401
2490 6334
2725 6297
2843 6292
2875 6283
2877 6229
3138 6185
3253 6101
3508 6099
3630 6097
3641 6092
3714 6063
3802 6056
3848 6028
3903 6024
3968 6023
4022 5950
4235 5923
4425 5866
4574 5846
4718 5843
4772 5799
4837 5779
4881 5740
4990 5729
5060 5709
5234 5674
5420 5655
5501 5654
5537 5650
5650 5647
5728 5658
5932 5645
6639 5636
6679 5632
6730 5630
7209 5628
7392 5621
7425 5620
7688 5619
7904 5615
8138 5613
8517 5611
8865 5609
8891 5597
8976 5592
9606 5583
9621 5577
9993 5572

