1 -53011.8
11 -52995
17 -52702.9
58 -52690.1
165 -52688
227 -52666.9
228 -52645.7
282 -52637.4
288 -52572.3
366 -52538.9
402 -52536.7
447 -52526.9
587 -52481.5
705 -52475.6
710 -52468.7
785 -52452.5
787 -52439.5
819 -52422.9
861 -52418
906 -52365.5
999 -52353
1067 -52327.7
1092 -52325.6
1134 -52313.7
1135 -52253.8
1158 -52217.8
1164 -52184.4
1210 -52159
1274 -51896.8
1355 -51754.1
1406 -51738.7
1515 -51712.7
1806 -51711.8
1862 -51676.1
2013 -51648.3
2165 -51637.2
2183 -51631.1
2236 -51439.4
2301 -51416.9
2565 -51405.3
2576 -51401.8
2608 -51384.1
2713 -51367.9
2717 -51339.5
2798 -51336.2
2824 -51323.7
2929 -51322.1
3198 -51311.7
3380 -51281.9
3510 -51281.2
3527 -51273.6
3616 -51269.6
3627 -51261.4
3631 -51258
3643 -51221.1
3903 -51207.6
4004 -51197
4099 -51180.1
4167 -51177
4221 -51173.7
4222 -51153.3
4223 -51151
4254 -51142.6
4302 -51140.6
4342 -51114
4355 -51063.6
4453 -51059.5
4558 -51059.1
4616 -51052.5
4776 -51041
4801 -51023.5
4924 -50999.1
5017 -50986.5
5145 -50964.6
5295 -50961.9
5346 -50947.2
5467 -50931.7
5547 -50922.7
5613 -50916.7
5634 -50907.7
5766 -50905.2
5821 -50896.8
5930 -50874.2
6264 -50863.6
6326 -50839.7
6413 -50821.1
6484 -50815.7
6639 -50795.2
6733 -50793.5
6734 -50782.6
6867 -50775.3
6948 -50766.9
7009 -50763
7012 -50761
7194 -50752.5
7206 -50730.2
7215 -50692.6
7305 -50685.5
7306 -50684.3
7308 -50661.9
7513 -50656.2
7744 -50648.3
7758 -50633.5
8087 -50616.7
8104 -50608.7
8241 -50603.8
8321 -50573.4
8410 -50570.6
8543 -50568.9
8660 -50550.5
8702 -50539
9010 -50538.5
9019 -50485.6
9188 -50458.7
9299 -50458
9383 -50456.3
9425 -50449.2
9494 -50448.7
9509 -50399.5
9932 -50398.7
9935 -50381.3
10085 -50374.8
10249 -50359.6
10281 -50324.6
10340 -50319.2
10447 -50318.7
10530 -50317
10568 -50301.8
10619 -50181
10898 -50170.5
11043 -50169.1
11197 -50149.3
11214 -50146.4
11227 -50100.2
11450 -50089.2
11478 -50086.3
11516 -50076.4
11531 -50067.7
11540 -50033
11684 -50023.5
11802 -50021.9
11813 -50014.7
11842 -50011.5
11866 -50010.5
11921 -50010.4
12012 -50008.3
12020 -50004.7
12110 -49994
12123 -49967.7
12250 -49964.6
12320 -49962
12321 -49940.3
12370 -49916.2
12409 -49908
12517 -49908
12546 -49907.7
12675 -49899.3
12726 -49784.1
13236 -49753.9
13287 -49703.2
13349 -49698.5
13350 -49696.4
13415 -49694.8
13441 -49687.3
13548 -49684.7
13567 -49663.8
13637 -49660.4
13727 -49645.7
13821 -49538.6
14011 -49520.6
14136 -49499.1
14231 -49462.8
14314 -49440.9
14362 -49440.6
14403 -49414.2
14455 -49391.2
14705 -49374.9
15289 -49299.4
15290 -49297.3
15326 -49297.3
15468 -49292.4
15527 -49287.9
15539 -49274.2
15630 -49228
15777 -49183.7
15926 -49181.6
15941 -49147.8
16065 -49137.3
16173 -49131.3
16176 -49016.8
16310 -49016.2
16365 -48957.7
16402 -48940.7
16583 -48935.4
16677 -48933.9
16720 -48900
16925 -48894.4
17001 -48882
17085 -48866.6
17148 -48849.2
17171 -48840.8
17205 -48838.4
17274 -48827.8
17476 -48808.2
17648 -48793.8
17828 -48785
17855 -48782.9
17964 -48777.4
17985 -48747.5
18054 -48746.8
18105 -48744.8
18235 -48744
18359 -48708.6
18411 -48691.2
18835 -48686.4
18901 -48630.5
18999 -48523.6
19000 -48501.9
19007 -48461.1
19299 -48454.5
19317 -48426.1
19434 -48414.8
19563 -48403.6
19612 -48402.7
19709 -48402.3
19722 -48401
19854 -48400.7
19880 -48388.7
19967 -48386.3
20078 -48370
20130 -48332.5
20243 -48330.7
20244 -48319.8
20403 -48309
20425 -48294.3
20681 -48287.9
20715 -48280.1
20937 -48273.4
20973 -48245.9
21016 -48209.5
21202 -48204.2
21244 -48178.9
21335 -48149.2
21403 -48117.4
21529 -48079
21620 -48067.8
21651 -47997.9
21746 -47981.7
21811 -47979.1
22007 -47978
22008 -47975.5
22272 -47960.9
22335 -47937.2
22626 -47920.9
22745 -47901.3
22816 -47899.7
22955 -47885.4
23035 -47878.2
23155 -47873.5
23156 -47868.8
23228 -47859.3
23404 -47858.7
23422 -47857.9
23455 -47843.2
23684 -47824.9
23708 -47811.2
23890 -47796.6
23974 -47794.3
24146 -47782.3
24209 -47771.9
24456 -47771.9
24464 -47771.2
24570 -47748.3
24610 -47747.3
24822 -47745.7
24836 -47738.5
24945 -47733.9
25011 -47717.8
25069 -47675.6
25171 -47675.4
25186 -47671.7
25207 -47666.5
25327 -47640.6
25438 -47588.9
25527 -47571
25528 -47544.2
25577 -47544.1
25649 -47542.9
25789 -47542.3
25806 -47537
25821 -47528.1
25848 -47524.4
26093 -47517.2
26129 -47489.3
26533 -47286.2
26820 -47283.5
26835 -47283.3
26852 -47275.9
26912 -47206
26971 -47199.9
27330 -47198.5
27451 -47198.4
27552 -47181.5
27637 -47181
27716 -47175.7
27771 -47164.7
27944 -47124.1
28415 -47117.9
28474 -47113.7
28537 -47108
28630 -47105.4
28690 -47093.2
28727 -47061.3
28897 -47048.9
28965 -47047.7
29480 -47028.9
29710 -46985.9
29963 -46965.8
30033 -46958.7
30095 -46934.9
30194 -46922.3
30217 -46912.7
30430 -46852.1
30616 -46796.5
31261 -46775.8
31327 -46757.5
31617 -46746
32153 -46738.2
32177 -46729.1
32299 -46720.3
32453 -46717.6
32531 -46686.7
32566 -46679.6
32695 -46677.6
32954 -46676.4
33039 -46669.5
33044 -46669.3
33487 -46637.3
34004 -46624
34204 -46611.1
34547 -46609.3
34743 -46609
34873 -46591.2
34982 -46567.1
35444 -46541.5
35704 -46524.4
35713 -46511.5
35805 -46510
35862 -46503.2
35966 -46499
36039 -46493.3
36101 -46485.5
36684 -46479.9
36782 -46405
36940 -46400.3
37160 -46396.3
37234 -46393.9
37298 -46393.3
37338 -46379.2
37356 -46353.7
37684 -46338.4
38423 -46322.5
39912 -46322.3
40136 -46308
40558 -46300.5
40621 -46287.5
40649 -46283
40814 -46281.7
41019 -46279.4
41208 -46272.3
41212 -46216.8
41429 -46216.7
41430 -46216.7
41458 -46216.5
41827 -46213.9
41831 -46157.2
42077 -46152.9
42168 -46150.7
42199 -46150.2
42367 -46147
42449 -46146.3
42483 -46145.3
42761 -46087.6
42884 -46079.4
42987 -46073.7
43010 -46071.6
43157 -46068.4
43340 -46065.8
43442 -46035.2
43973 -45978.8
44024 -45924.6
44258 -45918.4
44839 -45917.1
44981 -45916.3
45161 -45864.3
45715 -45851.3
47545 -45849
48372 -45848.9
48466 -45841
48641 -45837.3
49019 -45835.2
49099 -45829.3
49240 -45801.7
49351 -45800.5
49461 -45800.4
49542 -45798.1
49599 -45776.2
49638 -45767.3
49866 -45760.6
50320 -45757.7
50343 -45744.5
50485 -45738.7
50528 -45727.9
50712 -45713.9
51032 -45704.3
51194 -45700.8
51413 -45698.7
52240 -45696.3
52486 -45656.6
53105 -45650.1
53435 -45640.9
53564 -45640.7
53677 -45640.2
53739 -45596
53999 -45590.3
54063 -45559.2
54257 -45554.6
54651 -45553.2
54747 -45540.5
54805 -45527.7
54894 -45486.7
55294 -45468
55310 -45444.8
55621 -45433.6
55708 -45433.5
56615 -45410.5
56722 -45380
57134 -45372.2
57267 -45346
57384 -45341.8
57699 -45335.2
57786 -45335
58607 -45328.1
59727 -45324.8
59730 -45316.5
59907 -45309.9
62119 -45300.3
62287 -45299.3
62437 -45288.9
62730 -45287.7
63167 -45284.1
63522 -45262.4
63619 -45262.2
63704 -45260.3
63933 -45259.7
64038 -45259.1
64147 -45244.5
64345 -45219.8
65432 -45213.5
65692 -45187.1
66276 -45172.8
66401 -45167.8
66498 -45164.7
66762 -45148.4
67148 -45103.5
67803 -45089.6
67866 -45065.1
67945 -45061.5
68216 -45059
68578 -45055.5
68654 -45053.5
68769 -45049.2
69330 -45045.5
69433 -45042.8
69468 -45023.1
69595 -45015.2
69735 -45014.2
69980 -45012.9
70030 -45006.4
70215 -45002.3
70854 -44979.3
70986 -44967.3
71138 -44962.2
71614 -44961.1
71654 -44954.9
71739 -44938.8
71815 -44916.3
72555 -44907.6
72959 -44899.4
74842 -44890.5
74863 -44885.3
75718 -44881.4
75736 -44880.7
75762 -44863.9
76026 -44863.6
76209 -44862.9
76364 -44854
76624 -44844
76887 -44840.5
77360 -44830.9
77808 -44825.2
77818 -44824.8
77871 -44823.8
78061 -44822.6
78118 -44815.8
78146 -44787.7
78309 -44763.7
78706 -44756.3
80152 -44739
80603 -44738.1
80758 -44731.1
81012 -44715.4
81015 -44705.4
81134 -44684.4
81176 -44680
81746 -44675.1
81773 -44674.7
81774 -44674.5
81808 -44672.2
81904 -44670
81958 -44668.8
82106 -44651.8
82353 -44636.3
82718 -44605.7
83150 -44597.3
83203 -44596.2
83383 -44589.7
83744 -44588.9
84250 -44580.2
84583 -44563.4
86153 -44554.9
86513 -44553.7
86514 -44547.8
86707 -44539
87147 -44535.8
87582 -44530.7
87721 -44501.8
87970 -44501.7
88077 -44496.2
88579 -44459.8
88654 -44454
88786 -44453.6
88855 -44452.7
88856 -44452.6
88936 -44451.4
89240 -44440
89242 -44427.9
90600 -44405.7
90871 -44389.6
90955 -44362.1
91102 -44347.3
91500 -44337.8
92055 -44330.3
93209 -44313.1
93273 -44269.1
93606 -44236.8
93859 -44236.8
93916 -44225.8
94507 -44212.8
94613 -44206.5
95242 -44205.5
95541 -44200.9
95871 -44195.1
96236 -44190.3
96322 -44187
97900 -44180.2
98174 -44174.5
98454 -44153.6
99336 -44153.6
99371 -44152.6
99919 -44152.3
99991 -44151.7
