1 5541
11 5528
17 5417
58 5409
102 5401
288 5399
303 5397
355 5385
447 5365
587 5363
605 5359
616 5354
718 5352
720 5346
789 5321
861 5312
906 5303
958 5299
999 5298
1067 5288
1134 5287
1135 5276
1164 5261
1210 5256
1274 5138
1355 5127
1406 5126
1690 5125
1705 5123
1722 5116
1727 5115
1862 5110
1930 5103
2095 5097
2135 5088
2172 5056
2236 5052
2301 5051
2316 5045
2565 5043
2576 5041
2583 5038
2611 5037
2621 5029
2713 5014
2932 5013
3022 5008
3198 5003
3211 4999
3380 4990
3413 4989
3587 4983
3780 4981
3804 4979
3851 4978
3885 4975
3945 4971
4069 4970
4084 4962
4223 4945
4279 4941
4415 4940
4639 4937
4828 4936
4848 4933
4877 4931
4915 4930
5003 4924
5179 4923
5336 4921
5377 4918
5451 4916
5467 4913
5613 4912
5631 4911
5662 4909
5766 4906
5833 4904
5845 4890
6277 4889
6334 4888
6383 4886
6413 4871
6639 4868
6867 4864
6957 4853
7076 4846
7210 4843
7215 4836
7306 4834
7504 4831
7645 4829
7724 4828
7863 4822
7986 4821
8026 4818
8029 4813
8321 4811
8420 4797
8546 4793
8845 4791
8867 4787
8900 4773
9019 4771
9226 4761
9509 4760
9592 4759
9724 4752
9851 4749
9948 4740
10050 4737
10283 4733
10340 4727
10475 4726
10540 4725
10568 4684
10619 4683
10827 4681
10919 4678
11037 4656
11227 4643
11540 4631
11842 4630
11945 4629
12035 4623
12110 4610
12321 4603
12726 4567
13287 4553
13441 4552
13460 4550
13513 4549
13690 4547
13717 4541
13821 4527
14011 4510
14320 4502
14455 4501
14632 4500
14835 4499
14918 4498
15013 4495
15136 4470
15289 4466
15346 4464
15539 4455
15550 4454
15777 4438
15833 4433
16081 4432
16176 4427
16205 4421
16246 4413
16365 4396
16402 4390
16677 4389
16711 4388
16720 4382
16777 4379
16885 4368
17197 4365
17282 4364
17476 4357
17619 4356
17621 4351
17750 4342
17828 4339
17927 4332
18158 4331
18237 4321
18438 4320
18543 4318
18597 4306
18755 4305
18756 4304
18801 4303
18867 4273
19007 4244
19317 4237
19434 4235
19585 4233
19865 4232
19880 4228
19926 4220
20425 4216
20440 4214
20631 4208
20916 4202
21016 4181
21244 4173
21338 4167
21529 4160
21569 4158
21651 4150
21811 4148
21850 4146
22131 4144
22190 4139
22335 4137
22386 4134
22571 4129
22663 4126
22955 4124
23136 4123
23228 4120
23236 4117
23455 4105
23684 4103
23708 4101
24033 4098
24066 4097
24143 4094
24162 4093
24570 4090
24707 4083
24945 4074
25011 4072
25012 4066
25207 4065
25327 4060
25406 4043
26066 4042
26093 4039
26107 4031
26255 4030
26407 3984
26760 3975
26942 3973
27330 3972
27455 3969
27530 3967
27771 3965
27852 3964
27944 3960
28162 3959
28284 3958
28460 3957
28474 3948
28690 3946
28727 3945
28897 3941
28919 3939
29068 3936
29340 3935
29525 3933
29626 3931
29638 3930
29656 3928
29710 3927
29804 3926
29838 3925
29872 3919
29963 3903
30033 3902
30095 3899
30217 3896
30430 3889
30538 3885
30694 3882
30915 3881
31079 3877
31157 3876
31261 3868
31327 3867
31639 3865
31923 3863
32153 3857
32299 3855
32335 3854
32531 3852
32566 3851
32731 3845
33403 3843
33702 3838
33785 3837
33908 3834
34004 3833
34262 3830
34829 3828
34873 3827
34882 3824
34979 3822
35019 3819
35424 3818
35444 3814
35606 3808
36060 3807
36101 3804
36599 3793
36782 3786
37249 3783
37338 3775
37436 3770
37787 3769
38307 3766
38930 3761
39392 3760
39789 3758
39797 3757
40119 3756
40162 3754
40348 3753
40558 3752
40621 3745
41019 3744
41212 3737
41378 3736
41677 3734
41831 3729
41930 3727
42647 3726
42761 3714
42987 3713
43157 3712
43346 3711
43763 3710
43973 3675
44258 3674
44537 3672
44981 3671
45258 3670
45520 3669
45941 3668
46052 3667
46243 3666
46907 3665
47209 3664
47529 3663
47576 3661
47677 3660
47805 3657
48432 3656
48466 3655
48672 3652
49240 3651
49599 3640
49870 3639
50008 3638
50343 3635
50485 3634
50528 3631
50712 3630
50781 3629
51029 3628
51163 3624
51647 3617
52558 3614
53043 3613
53105 3608
53435 3607
53627 3606
53733 3604
53739 3601
53824 3598
54063 3594
54218 3592
54563 3591
54580 3590
54747 3588
54805 3587
54849 3586
55206 3583
55436 3582
55472 3577
55640 3575
55642 3571
56633 3570
56722 3566
57217 3564
57638 3561
58247 3556
58427 3554
59077 3545
59727 3544
59730 3543
60264 3534
61201 3530
61653 3528
62032 3526
62119 3519
62317 3517
62437 3516
62730 3515
63079 3513
63522 3510
64144 3507
64340 3503
64622 3502
65366 3501
65432 3500
65436 3499
66071 3498
66121 3496
66445 3495
66577 3494
66663 3489
66993 3488
67148 3484
67240 3482
67386 3478
67713 3470
68723 3467
69122 3466
69468 3465
69487 3462
70167 3461
70184 3460
70477 3456
70854 3454
70986 3453
71138 3450
71815 3449
72600 3447
72817 3446
73168 3444
73286 3443
73979 3442
74530 3440
74878 3437
75244 3435
75762 3432
76624 3426
76887 3425
77502 3423
77565 3422
77818 3421
77822 3419
78155 3417
78885 3413
79103 3411
80522 3410
80697 3409
80774 3408
80843 3402
80844 3395
80959 3392
81015 3391
81176 3389
81457 3388
81958 3386
82298 3384
82646 3381
82856 3379
83150 3378
83383 3377
83744 3376
83971 3375
84161 3370
84523 3369
85349 3368
85446 3367
85840 3366
86275 3365
86513 3363
86752 3362
87380 3361
87721 3354
88077 3353
88295 3350
88579 3346
88653 3343
88907 3337
89328 3330
90085 3329
90207 3328
90208 3325
90600 3323
90838 3317
91102 3315
91147 3312
92200 3309
93209 3303
93273 3297
93606 3294
94507 3292
94613 3290
95508 3289
95541 3287
96683 3286
97808 3282
98397 3281
99171 3280
99592 3278
99726 3276
