1 -26147.6
83 -26007.2
131 -25933.3
227 -25925.2
290 -25923.5
360 -25895.5
425 -25885.1
429 -25675.3
513 -25529.8
718 -25490.6
804 -25438.9
915 -25386.9
987 -25317
1001 -25315.4
1006 -25117.3
1273 -25115
1284 -25098.7
1303 -24925.8
1411 -24635
1761 -24498.9
1762 -24432.7
1990 -24400.3
2047 -24382.2
2110 -24369.7
2136 -24323.5
2338 -24314.5
2358 -24291.4
2383 -24247
2407 -24225.2
2587 -24164.2
2611 -24125.4
2939 -24104.2
3055 -23976.9
3198 -23907.4
3502 -23880.2
3630 -23817.8
4004 -23803.7
4010 -23794.5
4172 -23786.7
4207 -23771.6
4276 -23707.8
4417 -23663.7
5120 -23625.4
5392 -23595.8
5722 -23555.8
6089 -23526
6328 -23524.4
6329 -23475.5
6849 -23463.8
6982 -23442.3
7158 -23433
7207 -23317.5
7339 -23316.7
7627 -23315.7
7641 -23295.9
7897 -23192.6
8056 -23060.3
8155 -22926.8
8426 -22904.3
8859 -22851.7
8860 -22846.8
9128 -22843.5
9272 -22830.7
9320 -22812.8
9621 -22806.2

