1 7462
3 7406
10 7399
11 7338
19 7281
22 7161
81 7050
133 7007
326 6969
427 6962
486 6952
547 6888
616 6878
673 6861
718 6853
753 6820
763 6809
821 6804
855 6781
867 6716
976 6715
1005 6685
1029 6662
1133 6636
1188 6630
1205 6576
1231 6574
1307 6568
1322 6536
1429 6425
1647 6423
1651 6404
1777 6332
1969 6303
2006 6286
2058 6285
2093 6249
2280 6236
2290 6175
2425 6173
2537 6133
2660 6122
2735 6092
2868 6049
2950 6028
3046 6022
3103 5977
3361 5940
3380 5922
3530 5916
3699 5913
3813 5909
3844 5858
3899 5820
4017 5771
4360 5768
4521 5767
4549 5760
4613 5757
4637 5739
4734 5734
4906 5720
4913 5706
5365 5699
5442 5681
5566 5630
5650 5624
5756 5618
6011 5599
6329 5583
6603 5573
6832 5557
6936 5544
7034 5526
7171 5525
7361 5513
7645 5512
7714 5511
7816 5505
8026 5496
8038 5481
8198 5473
8419 5460
8802 5458
8820 5444
8895 5421
8979 5418
9037 5413
9341 5405
9408 5397
9861 5396
