1 -26493.6
3 -26419.9
6 -26294.1
12 -26194.8
15 -26129.4
20 -26104.4
32 -26095.9
87 -25930.6
355 -25917.9
361 -25908.4
410 -25633.8
493 -25624.4
572 -25600.3
678 -25587
814 -25471.8
913 -25380.8
1123 -25356.7
1274 -25284.8
1333 -25263
1780 -25240.4
1789 -25238.7
1813 -25196.9
2081 -25192.6
2146 -25188.3
2252 -25178
2336 -25116.9
2417 -24967
2639 -24907.3
2966 -24874.8
3195 -24867.8
3208 -24835.9
3299 -24815.9
3563 -24714
3763 -24714
3907 -24703.9
3928 -24637.9
4174 -24603
4443 -24597.1
4521 -24594.3
4549 -24587.7
4592 -24570.6
4699 -24568.3
4702 -24536.5
4854 -24530.6
4948 -24522.5
5001 -23783.1
5018 -23756.9
5021 -23674.7
5418 -23659
5615 -23655.4
5671 -23646.4
5721 -23641.9
5883 -23636.6
5999 -23636
6011 -23626.4
6479 -23623.4
6607 -23620.4
6709 -23614.2
6955 -23575.7
7150 -23550.5
7459 -23530.9
7610 -23528.8
7970 -23474
8067 -23413.4
8635 -23344.7
8920 -23295.7
9173 -23235.8
9373 -23229.6
9775 -23227.1
9859 -23197.5
9978 -23143.4
