1 7594
3 7287
12 7265
29 7187
42 7073
336 7044
439 7005
480 6854
705 6784
815 6686
1001 6677
1107 6648
1205 6639
1281 6573
1314 6556
1418 6546
1446 6527
1569 6508
1849 6492
1904 6424
1937 6421
2155 6405
2205 6335
2417 6299
2772 6295
2828 6288
2902 6287
2917 6282
2941 6273
2966 6235
3070 6212
3148 6206
3208 6196
3214 6167
3321 6159
3381 6156
3409 6139
3418 6127
3476 6104
3563 6000
3639 5982
3907 5980
3928 5947
4126 5941
4155 5926
4174 5864
4349 5847
4615 5845
4670 5843
4702 5800
4854 5794
5220 5790
5263 5779
5421 5772
5470 5767
5671 5718
5721 5717
5999 5691
6275 5688
6674 5686
6716 5678
6955 5666
7150 5663
7380 5659
7459 5650
7610 5643
7655 5631
7842 5622
7970 5616
8357 5613
8920 5609
9111 5606
9167 5603
9173 5591
9373 5582
9477 5579
9696 5578
9894 5567
9982 5527
