1 -26412.3
5 -26336
6 -26319.5
7 -26294
9 -26270.8
12 -26201.2
21 -26170.4
45 -26158.4
65 -26057.8
170 -26046
467 -26020.3
531 -25924.5
809 -25908
865 -25891.6
940 -25837.2
969 -25817.6
1045 -25800.9
1186 -25784.4
1202 -25783.3
1211 -25748.7
1304 -25745.6
1433 -25744.1
1450 -25587.7
1748 -25484.9
1934 -25417.8
2122 -25351.8
2256 -25314.8
2354 -25289.7
2434 -25242.8
2526 -25203.2
2559 -25106.8
2703 -25023.6
2959 -25004.4
2981 -24989.5
3117 -24986.9
3129 -24959.3
3194 -24958.9
3203 -24958.3
3245 -24935.7
3319 -24902.5
3429 -24880.3
3559 -24868.8
3571 -24819.1
3725 -24808.8
3847 -24784.7
4494 -24698.4
4503 -24682.2
4662 -24629.5
4736 -24577.1
4979 -24551.7
5001 -23949.1
5003 -23876.6
5004 -23840
5005 -23754.4
5049 -23751.6
5072 -23665.5
5084 -23633.7
5698 -23627
7121 -23624.7
7635 -23621.4
8547 -23614.7
8598 -23601.7
9103 -23600.1
9311 -23526
10001 -23410.5
10002 -23223.6
10003 -23207.4
10006 -23200.9
10011 -23195.4
10016 -23128.7
10059 -23119.6
10211 -23112.1
10841 -23110.4
11326 -23100.3
12147 -23090.9
13075 -23089.3
13167 -23088.1
13619 -23082
14154 -23039.6
14237 -23037.1
15006 -22963.3
15019 -22947.3
15040 -22929.3
15129 -22910.1
15316 -22895.6
16611 -22894.8
17201 -22891.8
17307 -22888.9
18343 -22884.9
20002 -22844.9
20135 -22832.3
20184 -22828.9
21002 -22827.8
21134 -22826.2
21239 -22823.7
21492 -22823.1
21883 -22812.4
21949 -22799.9
25008 -22785
25040 -22771.3
25042 -22767.6
25390 -22757.2
25767 -22757
27846 -22734.2
28204 -22725.6
29196 -22724.4
29600 -22707.1
30012 -22623.3
30138 -22614.3
30353 -22610.5
35008 -22599.3
35188 -22597
35224 -22588.7
40064 -22555.2
41544 -22553.4
44644 -22547.9
45035 -22542.8
48672 -22540.6
50100 -22537.5
55366 -22536.1
55921 -22534.1
56386 -22530.7
59537 -22529
60321 -22525.8
60834 -22523.3
61611 -22522.9
63304 -22521
66517 -22519.1
66848 -22516.2
67649 -22513
69079 -22512.7
71858 -22492
76573 -22490.3
77442 -22479.9
