1 7455
3 7375
6 7343
12 7217
65 7124
95 7116
170 7067
320 7028
419 6964
637 6943
671 6923
705 6917
706 6812
902 6769
912 6755
1029 6745
1056 6700
1165 6648
1211 6623
1354 6617
1450 6538
1501 6532
1606 6497
1687 6479
1766 6419
1885 6415
1932 6401
1934 6345
1941 6271
2005 6247
2250 6226
2516 6174
2526 6159
2580 6149
2581 6114
2694 6106
2703 6098
2753 6088
2767 6067
2914 6049
2937 6045
2981 6011
3196 6006
3222 5964
3285 5960
3366 5941
3482 5937
3535 5912
3576 5896
3733 5879
3734 5867
3917 5852
3943 5833
4080 5813
4389 5778
4491 5762
4707 5753
4835 5752
4930 5721
5059 5717
5212 5677
5769 5673
5791 5670
5804 5645
5890 5642
5954 5609
6420 5602
6569 5598
6734 5591
6879 5586
6905 5585
6970 5572
7150 5570
7233 5566
7342 5554
7362 5552
7607 5543
7625 5535
8059 5534
8182 5504
8468 5502
8606 5492
8849 5474
9145 5459
9612 5454
9710 5446
10346 5440
10933 5438
10966 5435
11467 5427
11533 5425
11564 5424
11845 5423
11909 5422
12070 5419
12085 5416
12125 5395
12326 5392
12682 5391
12707 5377
14154 5368
14403 5365
15129 5359
15135 5350
16075 5341
16322 5332
17134 5328
17307 5324
17716 5319
19007 5314
19592 5311
20308 5305
20972 5303
21016 5296
22024 5289
22825 5271
23673 5268
24465 5267
24829 5262
25792 5256
26199 5255
26338 5235
26806 5233
26813 5230
27245 5211
27846 5196
28204 5188
29196 5186
29357 5184
31647 5178
32432 5176
33706 5171
35188 5169
35475 5168
36270 5160
37260 5158
38304 5157
38444 5156
39438 5153
40218 5152
41060 5150
43173 5149
43634 5148
44644 5144
48025 5143
48061 5142
52586 5139
54630 5136
55663 5134
56386 5132
70730 5131
