1 -26244.5
12 -26207.5
24 -26103.7
57 -25952.7
239 -25929.9
257 -25926
367 -25866.3
421 -25783.1
604 -25771.2
642 -25725.2
657 -25719.2
663 -25717.4
675 -25716
714 -25703.6
747 -25683.2
842 -25675.5
854 -25652.9
915 -25643.6
937 -25614.6
1009 -25609.5
1029 -25536.6
1170 -25498.5
1433 -25491.7
1459 -25401.7
1559 -25399.2
1600 -25367.9
1653 -25323.1
1778 -25307.2
1937 -25290.3
2265 -25279.1
2276 -25257.3
2446 -25239.6
2475 -25206
2549 -25067.3
2671 -25042.9
2695 -25014.6
2872 -24956
2953 -24952.5
3025 -24904.9
3247 -24887.7
3344 -24852.3
3396 -24838.3
3498 -24783.2
3574 -24692.4
3923 -24665
4009 -24597.4
4309 -24594.7
4357 -24576.4
4673 -24571.6
4749 -24555.7
4852 -24512.6
4924 -24512.5
4979 -24221.9
5001 -24105.8
5002 -24002.1
5005 -23903.7
5006 -23423.2
5023 -23411.8
5122 -23305.1
5272 -23283.4
6004 -23277.1
6562 -23249.1
6893 -23247.7
7171 -23246.9
7319 -23232.6
7363 -23228.7
7406 -23195.2
7636 -23167.5
8061 -23161
8486 -23157
8579 -23152.4
8606 -23103.3
9167 -23053.4
9464 -23052.9
9544 -23030.3
9923 -22958.3
