1 7326
12 7234
45 7233
62 7214
90 7208
165 7175
195 7148
213 7124
310 7094
345 6952
560 6949
561 6935
579 6918
682 6892
734 6794
937 6776
980 6769
984 6696
985 6693
1139 6689
1177 6678
1221 6649
1273 6627
1377 6601
1509 6577
1529 6487
1594 6462
1721 6447
1921 6432
1947 6376
2063 6359
2146 6347
2204 6305
2475 6297
2490 6292
2493 6234
2706 6233
2776 6220
2785 6204
2900 6194
2918 6164
2978 6149
3008 6134
3072 6114
3160 6084
3419 6070
3445 6062
3457 6057
3524 6055
3572 6034
3771 6015
3857 5960
4154 5959
4215 5939
4343 5932
4504 5888
4611 5885
4671 5870
4683 5864
4688 5781
4932 5780
4953 5765
4955 5760
4979 5740
4998 5731
5046 5728
5142 5727
5251 5710
5403 5705
5454 5701
5477 5675
5718 5665
5759 5661
5867 5645
6009 5635
6325 5622
6380 5613
6595 5610
6692 5609
6735 5605
6795 5592
6877 5580
6952 5576
7047 5565
7300 5563
7495 5555
7636 5552
7760 5549
7896 5545
7928 5543
8177 5522
8316 5518
8448 5517
8917 5486
9539 5432

