1 -142031
11 -141486
203 -141359
488 -141350
532 -141310
595 -141304
640 -141299
649 -141281
702 -141280
705 -141272
726 -141261
734 -141245
827 -141209
862 -141151
876 -141121
926 -141079
1009 -141063
1114 -141026
1126 -140995
1238 -140977
1240 -140972
1275 -140941
1304 -140941
1330 -140941
1372 -140926
1389 -140921
1433 -140916
1457 -140903
1461 -140895
1535 -140895
1618 -140895
1669 -140894
1681 -140893
1717 -140859
1790 -140824
1831 -140788
1866 -140787
1883 -140779
1902 -140776
1906 -140758
1943 -140751
1949 -140742
2018 -140731
2024 -140710
2031 -140709
2036 -140686
2067 -140671
2104 -140567
2208 -140565
2212 -140549
2328 -140542
2346 -140493
2405 -140474
2431 -140473
2435 -140461
2513 -140437
2557 -140432
2560 -140412
2577 -140399
2607 -140399
2673 -140393
2680 -140392
2697 -140366
2707 -140338
2709 -140309
2794 -140279
2827 -140266
2831 -140252
2908 -140248
2910 -140247
2913 -140206
3070 -140206
3112 -140152
3171 -140144
3308 -140144
3362 -140143
3401 -140090
3512 -140085
3561 -140051
3569 -140050
3611 -140043
3622 -140041
3731 -140033
3745 -140031
3776 -139969
3828 -139968
3839 -139962
3901 -139950
3924 -139862
3971 -139862
3982 -139856
4002 -139856
4009 -139814
4020 -139809
4025 -139785
4057 -139780
4085 -139676
4277 -139672
4293 -139659
4332 -139645
4386 -139630
4432 -139625
4477 -139624
4490 -139622
4491 -139614
4503 -139602
4523 -139578
4588 -139545
4716 -139533
4723 -139531
4724 -139529
4749 -139520
4814 -139499
4818 -139487
4837 -139479
4893 -139470
4930 -139455
4990 -139455
5002 -139419
5003 -139415
5017 -139376
5020 -139375
5023 -139374
5115 -139369
5125 -139361
5129 -139341
5139 -139339
5177 -139338
5201 -139337
5226 -139331
5302 -139325
5304 -139322
5342 -139308
5403 -139306
5408 -139268
5412 -139250
5414 -139246
5468 -139228
5514 -139226
5538 -139209
5562 -139205
5612 -139205
5616 -139205
5624 -139203
5679 -139191
5690 -139114
5730 -139062
5765 -139056
5828 -139055
5851 -139048
5922 -139034
5978 -139021
6012 -139003
6022 -138998
6025 -138989
6107 -138983
6122 -138925
6209 -138911
6223 -138896
6324 -138895
6421 -138868
6426 -138867
6450 -138862
6451 -138840
6546 -138838
6559 -138831
6562 -138816
6590 -138804
6624 -138787
6654 -138781
6660 -138780
6711 -138774
7139 -138762
7155 -138753
7201 -138744
7326 -138743
7327 -138742
7339 -138739
7380 -138729
7418 -138723
7421 -138721
7432 -138713
7448 -138712
7457 -138683
7467 -138610
7520 -138604
7545 -138603
7601 -138573
7621 -138563
7701 -138549
7864 -138544
7891 -138492
8003 -138459
8018 -138444
8024 -138424
8182 -138421
8201 -138403
8250 -138393
8265 -138344
8308 -138339
8310 -138306
8407 -138293
8411 -138270
8424 -138269
8427 -138248
8441 -138238
8447 -138237
8480 -138220
8505 -138215
8541 -138192
8620 -138183
8695 -138168
8696 -138156
8708 -138147
8805 -138145
8813 -138117
8830 -138088
8871 -138084
8920 -138035
8941 -138026
8969 -138015
9027 -137928
9123 -137920
9189 -137887
9205 -137886
9227 -137832
9302 -137823
9411 -137800
9435 -137794
9482 -137793
9493 -137769
9565 -137753
9610 -137753
9636 -137750
9667 -137743
9720 -137726
9770 -137721
9798 -137720
9816 -137716
9864 -137715
9871 -137711
9943 -137685
9957 -137528
