1 39212
3 39083
4 39063
7 38864
14 38830
31 38826
169 38805
250 38803
389 38802
392 38767
501 38758
595 38641
649 38624
734 38593
863 38584
899 38544
930 38542
1036 38534
1064 38514
1079 38509
1110 38507
1127 38500
1243 38498
1272 38492
1285 38491
1298 38486
1301 38484
1315 38475
1378 38473
1404 38391
1591 38378
1600 38375
1644 38359
1719 38358
1756 38352
1765 38321
1796 38297
2034 38290
2134 38282
2283 38281
2289 38280
2329 38243
2356 38236
2497 38228
2552 38224
2567 38222
2573 38219
2592 38201
2641 38199
2647 38195
2673 38117
2778 38112
2808 38100
2845 38083
2868 38052
2917 38049
3377 38032
3400 38027
3401 38026
3421 37986
3481 37983
3561 37980
3621 37979
3719 37910
3750 37905
3870 37899
3924 37845
3941 37842
3982 37841
4057 37838
4072 37830
4085 37761
4276 37753
4358 37749
4359 37748
4373 37730
4620 37729
4634 37727
4640 37721
4679 37711
4747 37705
4790 37700
4829 37684
5163 37680
5226 37675
5271 37673
5306 37671
5341 37667
5414 37664
5446 37663
5449 37652
5490 37649
5573 37645
5616 37640
5654 37627
5690 37594
5790 37584
5902 37583
5909 37578
5961 37572
5962 37551
6022 37545
6068 37537
6107 37533
6190 37528
6216 37527
6256 37522
6318 37515
6420 37514
6444 37513
6478 37512
6526 37509
6616 37507
6648 37504
6679 37494
6714 37482
6782 37470
6802 37469
6886 37465
6906 37460
6931 37454
6932 37452
7003 37450
7040 37437
7167 37431
7199 37430
7231 37427
7312 37425
7344 37422
7360 37414
7407 37410
7412 37408
7441 37406
7467 37395
7586 37394
7601 37393
7605 37390
7614 37386
7621 37385
7629 37381
7648 37368
7663 37366
7664 37350
7771 37348
7891 37324
8003 37319
8024 37317
8137 37316
8182 37278
8308 37273
8310 37265
8333 37264
8348 37253
8439 37246
8441 37237
8541 37234
8562 37230
8564 37223
8574 37221
8633 37220
8674 37216
8718 37211
8742 37186
8771 37168
8772 37148
8954 37143
8991 37142
9004 37139
9027 37128
9200 37125
9251 37102
9264 37091
9265 37085
9434 37082
9591 37052
9644 37051
9695 36998
9752 36962
9815 36879
