1 -26525
3 -26155.7
21 -25980.2
147 -25972.6
317 -25948.8
348 -25940.2
372 -25877.9
440 -25871.1
466 -25867
475 -25601.9
614 -25584.4
665 -25534.3
745 -25426.1
856 -25306.3
904 -25272.6
1001 -25220.7
1011 -25083.7
1049 -25067.2
1050 -25063.8
1204 -24976.1
1313 -24956.1
1364 -24929.3
1401 -24863.7
1407 -24860.6
1429 -24847.1
1497 -24816
1527 -24713.2
1740 -24616.2
1853 -24598.7
1877 -24389.5
2113 -24388.5
2149 -24359.2
2205 -24317.7
2297 -24308.7
2395 -24208
2511 -24164.7
2664 -24148.1
2830 -24105.3
2913 -24061.3
3001 -24046.1
3079 -23955.4
3498 -23948.7
3516 -23922.4
3542 -23857.7
3942 -23852.2
4121 -23816.7
4122 -23766.5
4238 -23562.8
4910 -23562
5060 -23522.1
5259 -23504
5260 -23485.7
5561 -23471.2
5657 -23453.8
5788 -23452.6
5884 -23429.8
5916 -23391.6
6072 -23388.8
6102 -23365.4
6256 -23344.4
6432 -23299.2
6638 -23276.4
6811 -23265.9
7219 -23251.3
7387 -23240.1
7472 -23230.9
7909 -23223.5
8177 -23184.6
8447 -23182
8483 -23123.7
8557 -23112.1
8618 -23099.2
8849 -23086.1
9103 -23040.8
9342 -23022.6
9369 -23021.6
9730 -23020
9840 -23013.2
10015 -22969.9
10350 -22966
10445 -22964.6
10492 -22952
10531 -22946
10619 -22921.4
10805 -22908.4
10845 -22903.2
10948 -22900.2
11095 -22875.4
11139 -22848.5
11168 -22785.1
11460 -22760.2
11692 -22680.3
12159 -22670.3
12236 -22663.3
12444 -22662.7
12542 -22648.9
13437 -22637.5
14023 -22572.3
15500 -22547.2
15529 -22543.5
15588 -22530.3
15990 -22527.3
16728 -22484.8
17618 -22472.5
17671 -22465.3
17950 -22453.1
18497 -22452.1
18583 -22444.6
18839 -22435.5
19086 -22432.8
19378 -22427.6
20276 -22426.5
20783 -22421.6
21114 -22420.9
21339 -22419.9
22335 -22392.2
23571 -22379.3
24057 -22378.8
24424 -22378.6
24509 -22373.1
24883 -22366.6
25702 -22362.1
26294 -22349.5
26608 -22349.3
27182 -22341.5
28017 -22334.3
28779 -22327.5
31800 -22323.5
35647 -22320.6
37811 -22313.6
39468 -22311.5
41125 -22307.4
42990 -22300.3
43556 -22298.7
48902 -22283.6
49517 -22282.7
49539 -22282.7
50401 -22262.3
51024 -22261.4
51332 -22261
52660 -22259.9
52890 -22258.1
53770 -22256.6
54941 -22253.6
56064 -22251
