1 7546
3 7283
21 7269
73 7190
131 7189
172 7144
222 7100
322 6979
450 6973
475 6858
638 6851
651 6783
760 6774
799 6759
803 6736
828 6698
856 6691
909 6619
1049 6595
1134 6565
1204 6537
1260 6533
1361 6510
1364 6509
1385 6436
1407 6368
1527 6243
1853 6178
1877 6172
2001 6168
2016 6138
2141 6107
2152 6103
2205 6081
2216 6066
2257 6051
2317 6039
2395 6007
2565 5999
2613 5997
2664 5960
2805 5940
2925 5928
3032 5918
3041 5910
3079 5866
3445 5862
3542 5855
3708 5825
3860 5824
3916 5818
3945 5786
4093 5778
4128 5760
4238 5750
4343 5743
4603 5741
4713 5729
4801 5725
4848 5708
4953 5703
5271 5693
5438 5690
5485 5689
5561 5686
5604 5670
5808 5669
5864 5647
5916 5610
6102 5607
6243 5594
6446 5593
6638 5585
6690 5571
7168 5553
7381 5547
7387 5523
7472 5512
7734 5509
7813 5505
7909 5499
8194 5472
8483 5458
8521 5433
9103 5432
9153 5428
9250 5408
9523 5392
9798 5389
10248 5381
10366 5375
10619 5368
10805 5358
10948 5334
11139 5333
11168 5326
11460 5314
11692 5303
11919 5296
12238 5279
12542 5269
12874 5267
13054 5255
13155 5246
14023 5241
14175 5238
14513 5235
14699 5234
14744 5233
14762 5226
14801 5222
15050 5217
15196 5192
16300 5173
16728 5165
17036 5158
17671 5152
18364 5150
18629 5148
19035 5139
19328 5132
19768 5129
21057 5120
22335 5115
24088 5112
24547 5109
24902 5099
26840 5093
27796 5089
28747 5087
28813 5082
30167 5073
32249 5072
34033 5069
36627 5066
36871 5059
39704 5057
40795 5056
41607 5054
42970 5052
46573 5048
48751 5046
49546 5045
49603 5044
50128 5043
50401 5040
51332 5037
57493 5036
60737 5034
66542 5033
69451 5031
71227 5030
88664 5029
