1 -26494.6
2 -26337.8
3 -26330.4
7 -26303.7
8 -26235.9
15 -26027.2
39 -25881.7
361 -25855.6
552 -25785.4
567 -25770.1
635 -25672.2
774 -25601.7
865 -25593.3
936 -25576.3
1011 -25464.8
1066 -25444
1140 -25344
1153 -25291.3
1362 -25264.4
1384 -25223.6
1432 -25208.2
1443 -25184.7
1500 -25152.6
1513 -25077.6
1597 -25042.7
1781 -25036.9
1863 -25003.2
1868 -24968.7
1990 -24838.4
2140 -24796.1
2147 -24646.1
2912 -24640.5
2924 -24639.5
3000 -24622.7
3008 -24591.1
3090 -24583.2
3105 -24560.1
3306 -24523.1
3439 -24513.4
3491 -24509.4
3767 -24470.6
3791 -24433.3
3843 -24431.8
4061 -24424.5
4075 -24424
4084 -24403.1
4236 -24369.5
4334 -24361.5
4467 -24361.3
4596 -24352.1
4600 -24226.1
4630 -24205.3
4881 -24203.2
4969 -24197.2
5001 -23621.8
5003 -23595.2
5004 -23542
5005 -23532.6
5012 -23516.4
5020 -23456.4
5180 -23449.7
5218 -23415.7
5697 -23415.7
5869 -23409.4
5959 -23395.1
6159 -23394.1
6919 -23391.8
7588 -23382.3
7761 -23367.7
7949 -23357.5
8015 -23355.6
8226 -23351.3
8878 -23347.2
9237 -23333.7
9265 -23332.7
9351 -23329
9513 -23328.7
9640 -23311.5
10002 -23220.6
10003 -23181
10035 -23179
10092 -23162.5
10195 -23157
10430 -23142.7
10485 -23127
11741 -23113.4
15001 -23040.9
15010 -23003.3
15011 -22976.9
15543 -22964.8
16793 -22959.2
17127 -22952.7
17816 -22952
18204 -22946.3
20004 -22934.4
20025 -22934.3
20056 -22933.5
20079 -22930.1
20102 -22921.1
20248 -22920.5
20783 -22873.5
22733 -22873.1
22830 -22872.1
23231 -22864.4
23682 -22857.8
23849 -22822.5
24357 -22822.5
25003 -22753.2
25004 -22740.2
25014 -22729.5
26440 -22727
26559 -22724
28472 -22704.9
29055 -22700.1
29695 -22691.6
30001 -22688.3
30011 -22676.7
30013 -22673.3
30669 -22673.3
30768 -22670.8
35004 -22669.3
35006 -22669.2
36544 -22669
38450 -22666.1
40041 -22657.4
40256 -22655.4
45016 -22655.4
50006 -22651.3
50239 -22648.3
55004 -22648.3
58055 -22647.3
60541 -22647.3
65038 -22642
70006 -22642
75060 -22642
80061 -22642
85156 -22642
90039 -22642
95011 -22642
