1 7654
2 7383
5 7318
8 7185
39 7182
133 7096
222 7080
458 6969
552 6938
755 6911
816 6802
863 6783
904 6768
936 6730
1011 6466
1140 6451
1153 6381
1414 6364
1516 6363
1526 6328
1546 6315
1556 6273
1725 6257
1797 6190
1908 6183
2147 6117
2221 6103
2637 6098
2684 6095
2695 6078
2897 6065
2991 6053
3008 6008
3090 5993
3105 5977
3439 5970
3619 5969
3634 5968
3720 5966
3791 5961
3797 5956
4042 5954
4084 5940
4144 5925
4545 5895
4937 5893
4971 5839
5238 5827
5481 5823
5656 5804
6032 5803
6169 5796
6330 5794
6484 5773
6627 5765
6707 5747
7047 5693
7979 5690
8006 5687
8417 5684
8474 5679
8545 5678
8641 5676
8800 5670
8891 5665
8942 5663
9175 5653
9424 5644
9954 5630
10720 5627
11075 5620
11148 5578
11900 5577
11945 5575
12090 5572
12302 5568
12580 5562
13327 5559
13659 5543
14199 5537
14464 5524
15158 5513
16179 5512
16345 5508
16601 5506
17444 5499
17670 5496
18459 5495
18474 5490
19300 5489
19500 5488
19739 5486
19768 5479
19894 5474
20783 5467
21785 5463
21929 5455
22107 5454
22616 5453
22733 5452
22830 5448
22891 5442
23071 5441
23271 5437
23682 5428
23849 5419
24697 5417
25405 5415
25504 5413
26159 5408
27102 5402
29693 5394
30464 5389
31136 5388
31374 5387
31434 5378
32049 5376
33003 5375
35224 5369
37459 5368
37717 5364
40081 5362
46234 5357
46262 5352
47781 5349
51656 5346
92566 5345
