5346 -22652.9
5346 -22652.9
5346 -22652.9
5346 -22652.9
5346 -22652.9
5346 -22652.9
5346 -22652.9
5346 -22652.9
5346 -22652.9
5346 -22652.9
5346 -22652.9
5346 -22652.9
5346 -22652.9
5346 -22652.9
5346 -22652.9
5346 -22652.9
5346 -22652.9
5346 -22652.9
5346 -22652.9
5346 -22652.9
5346 -22652.9
5346 -22652.9
5348 -22650.2
5348 -22650.2
5348 -22650.2
5348 -22650.2
5348 -22650.2
5348 -22650.2
5348 -22650.2
5348 -22650.2
5348 -22650.2
5348 -22650.2
5348 -22650.2
5348 -22650.2
5348 -22650.2
5348 -22650.2
5348 -22650.2
5348 -22650.2
5348 -22650.2
5348 -22650.2
5348 -22650.2
5348 -22650.2
5351 -22648.3
5351 -22648.3
5351 -22648.3
5351 -22648.3
5351 -22648.3
5351 -22648.3
5351 -22648.3
5351 -22648.3
5351 -22648.3
5351 -22648.3
5351 -22648.3
5351 -22648.3
5351 -22648.3
5351 -22648.3
5353 -22646.6
5353 -22646.6
5353 -22646.6
5353 -22646.6
5353 -22646.6
5353 -22646.6
5353 -22646.6
5353 -22646.6
5353 -22646.6
5353 -22646.6
5353 -22646.6
5353 -22646.6
5355 -22643.9
5355 -22643.9
5355 -22643.9
5355 -22643.9
5355 -22643.9
5355 -22643.9
5355 -22643.9
5355 -22643.9
5355 -22643.9
5355 -22643.9
5355 -22643.9
5355 -22643.9
5355 -22643.9
5355 -22643.9
5355 -22643.9
5355 -22643.9
5355 -22643.9
5355 -22643.9
5355 -22643.9
5358 -22642
5358 -22642
5358 -22642
5358 -22642
5358 -22642
5358 -22642
5358 -22642
5358 -22642
5358 -22642
5358 -22642
5358 -22642
5358 -22642
5358 -22642
