1 -142241
2 -141816
3 -141388
85 -141365
127 -141338
138 -141275
219 -141253
226 -141183
390 -141167
546 -141152
618 -141108
718 -141070
829 -141043
869 -141004
933 -140993
995 -140971
1025 -140854
1034 -140814
1134 -140590
1302 -140579
1338 -140564
1425 -140555
1475 -140403
1518 -140402
1544 -140346
1618 -140272
1654 -140214
1748 -140189
1880 -140184
1925 -140140
2014 -140129
2078 -140119
2304 -140117
2308 -140117
2331 -140103
2466 -140086
2519 -140036
2615 -140003
2725 -139979
2731 -139920
2825 -139916
2826 -139866
2926 -139857
3007 -139848
3008 -139847
3084 -139803
3172 -139778
3317 -139768
3501 -139721
3517 -139667
3535 -139631
3639 -139568
3755 -139552
3778 -139222
3923 -139207
3953 -139198
4019 -139193
4020 -139189
4109 -139188
4206 -139171
4306 -139164
4336 -139079
4440 -139074
4519 -139065
4527 -139060
4656 -139049
4845 -139024
4938 -139016
5071 -138973
5194 -138965
5227 -138950
5244 -138939
5250 -138910
5385 -138897
5497 -138890
5577 -138876
5661 -138874
5692 -138868
5710 -138858
5717 -138855
5718 -138843
5817 -138796
5904 -138773
6005 -138766
6015 -138751
6115 -138725
6252 -138724
6261 -138723
6262 -138706
6409 -138706
6414 -138656
6577 -138652
6631 -138632
6736 -138600
7015 -138589
7039 -138588
7040 -138587
7089 -138570
7098 -138524
7267 -138495
7268 -138483
7425 -138472
7845 -138428
7897 -138422
7941 -138364
8145 -138351
8206 -138330
8302 -138302
8475 -138285
8532 -138269
8611 -138260
8615 -138242
8638 -138169
8720 -138153
8812 -138140
9153 -138136
9214 -138136
9229 -138080
9356 -138062
9368 -138022
9410 -138012
9498 -137980
9506 -137979
9566 -137978
9668 -137923
9740 -137907
9761 -137882
9762 -137798
9989 -137564
