1 39031
2 38943
8 38842
12 38809
41 38538
114 38533
236 38517
330 38489
477 38479
521 38456
528 38442
655 38438
744 38434
749 38426
829 38412
869 38368
930 38334
1034 38181
1134 38178
1206 38028
1475 38000
1544 37997
1553 37995
1608 37987
1709 37986
1786 37973
1807 37945
1909 37931
1910 37902
2101 37897
2203 37846
2519 37819
2615 37792
2663 37781
2725 37755
2823 37736
2913 37735
3126 37734
3134 37705
3235 37704
3253 37701
3278 37691
3320 37672
3459 37654
3529 37643
3535 37604
3696 37582
3755 37572
3778 37519
3923 37510
4048 37506
4083 37498
4148 37431
4344 37416
4459 37411
4506 37399
4660 37391
4739 37369
4804 37364
4951 37354
5042 37347
5102 37345
5161 37331
5209 37295
5401 37291
5561 37276
5643 37237
5710 37223
5904 37221
5937 37219
6005 37195
6154 37192
6261 37189
6364 37182
6414 37180
6530 37178
6577 37177
6608 37161
6661 37150
6760 37146
6778 37144
6819 37099
6962 37092
7015 37085
7232 37074
7317 37063
7479 37058
7531 37052
7659 37042
7693 37040
7738 37035
7746 37029
7765 37028
7771 37022
7809 37018
7845 37009
7967 37007
7984 36983
8075 36962
8301 36961
8493 36943
8641 36936
8646 36927
8812 36912
8992 36901
9015 36897
9126 36888
9229 36872
9244 36846
9356 36839
9484 36829
9498 36780
9597 36779
9598 36775
9668 36764
9761 36760

