1 -52803.4
201 -52803.4
311 -52747.9
333 -52678.4
470 -52593.2
591 -52589.6
624 -52548.2
738 -52521.3
863 -52513.3
917 -52427.9
1035 -52360.2
1036 -52354.4
1060 -52337.3
1076 -52329.4
1107 -52327.3
1158 -52315.7
1203 -52304.4
1305 -52302.8
1340 -52295.3
1341 -52271.6
1410 -52215.5
1413 -52139.8
1455 -52124.9
1520 -52112.1
1532 -52081.6
1637 -52073.2
1675 -52062.9
1747 -52024.4
1770 -52024.4
1807 -52021.5
1841 -52000.3
1855 -51983.4
1866 -51954.1
1915 -51932
1926 -51904.3
2016 -51904
2072 -51835.2
2105 -51807.4
2166 -51801.4
2225 -51792.6
2317 -51772.8
2340 -51743
2386 -51725.7
2415 -51725.7
2466 -51725.6
2468 -51712.4
2543 -51706.2
2573 -51703.4
2627 -51690
2659 -51686.6
2703 -51658.6
2761 -51640.8
2805 -51623.3
2874 -51576.6
2929 -51555.3
2973 -51527.7
3029 -51523.1
3046 -51515.3
3065 -51511.5
3142 -51505.1
3202 -51487.1
3283 -51486.4
3313 -51439.5
3347 -51341.7
3390 -51321
3431 -51271.1
3519 -51262.2
3589 -51239.8
3723 -51234
3822 -51224.4
3849 -51199.3
3918 -51158.1
4005 -51074.8
4147 -51030.4
4179 -51028.5
4216 -51028.5
4314 -51026.2
4346 -51016.4
4398 -51000.7
4414 -50984.2
4514 -50973.1
4680 -50948.2
4703 -50947.1
4773 -50943.7
4801 -50779.3
4802 -50779.1
4906 -50777.9
4938 -50774.3
4954 -50738.4
5030 -50715.8
5099 -50686.9
5113 -50682.9
5214 -50658.3
5323 -50640.3
5437 -50624.7
5522 -50624.7
5541 -50607.7
5644 -50589.2
5745 -50588.9
5751 -50588.9
5771 -50588.9
5805 -50586.5
5806 -50584.6
5903 -50573.8
5928 -50570.5
6102 -50570.3
6143 -50556.3
6157 -50556.3
6188 -50528.7
6243 -50510.8
6322 -50510.6
6334 -50503
6404 -50498.9
6458 -50498.4
6492 -50485.8
6512 -50469.8
6720 -50447.4
6847 -50435.4
6886 -50423
6979 -50420.9
7034 -50420.4
7088 -50418.5
7107 -50416.5
7149 -50361.8
7339 -50352.4
7340 -50347.8
7551 -50341.4
7744 -50322.7
7826 -50319.7
7839 -50318.3
7930 -50304.6
8080 -50302
8137 -50299.4
8158 -50287.1
8220 -50281.5
8247 -50272.9
8308 -50215.4
8533 -50194.4
8637 -50171.8
8748 -50160.4
8806 -50160.4
8912 -50154.5
8953 -50146.3
9100 -50146.3
9105 -50146.3
9116 -50146.2
9211 -50139.3
9217 -50060.7
9334 -50029.7
9517 -50016.2
9767 -50015
9829 -49995.7
9901 -49994.1
9997 -49994.1
10082 -49994.1
10129 -49982.1
10233 -49982
10234 -49981.4
10351 -49981.4
10361 -49981.4
10372 -49974.5
10429 -49930.4
10705 -49929.5
10722 -49895.1
10786 -49892
10973 -49880.5
11021 -49880.5
11064 -49845.4
11124 -49784.3
11268 -49777.4
11337 -49776.8
11394 -49770.6
11467 -49770.6
11519 -49770.6
11542 -49759.1
11688 -49754.5
11693 -49747.7
11702 -49737.8
11715 -49726.9
11763 -49716.2
11775 -49631.3
11856 -49601.1
11945 -49600.3
12018 -49591.2
12147 -49591.2
12204 -49572.3
12258 -49555.3
12347 -49552.9
12539 -49550.4
12546 -49544.1
12630 -49538.9
12636 -49519.1
12700 -49455.1
12722 -49444.6
12886 -49427.7
13048 -49423.9
13068 -49420.7
13166 -49406.2
13208 -49403.9
13327 -49380.8
13369 -49378.2
13458 -49378.2
13495 -49366.5
13526 -49353.4
13606 -49322.7
13720 -49322.7
13900 -49322.7
13908 -49312.3
14086 -49306.3
14214 -49292.4
14379 -49286.3
14435 -49273.2
14636 -49263.3
14778 -49262.7
14820 -49240.2
15028 -49231
15127 -49230.3
15174 -49228.4
15465 -49214.6
15507 -49197.9
15661 -49197.7
15662 -49197.7
15735 -49194.7
15818 -49179.5
15926 -49178.8
16130 -49176.5
16152 -49166.5
16222 -49147.2
16309 -49145.4
16359 -49138
16480 -49129.8
16484 -49126.3
16557 -49124.7
16580 -49121.7
16615 -49115.3
16772 -49107.7
16816 -49102
16874 -49058.3
16993 -49040
17090 -49030.6
17300 -49029.1
17304 -49028.8
17315 -48996.2
17406 -48993.1
17574 -48979.4
17763 -48963.8
17827 -48960.7
17832 -48951.3
17943 -48943.7
18044 -48941.7
18141 -48939.6
18181 -48930.3
18320 -48927.8
18375 -48925.8
18402 -48911.3
18596 -48895.5
18629 -48889.2
18807 -48853.8
19038 -48851.6
19094 -48849.7
19115 -48826
19497 -48813.3
19565 -48809.9
19644 -48807.1
19663 -48798.6
19850 -48789.5
19972 -48788.8
20018 -48782.1
20069 -48773.1
20123 -48757.5
20227 -48757.5
20369 -48757.5
20411 -48744.2
20650 -48732.5
20822 -48731.5
20856 -48727.3
20930 -48716.1
21118 -48710.7
21163 -48704.5
21203 -48704.5
21222 -48673.1
21310 -48650.9
21361 -48648.8
21432 -48648.8
21510 -48648.8
21614 -48648.8
21651 -48647.3
21740 -48644.7
21793 -48644.5
21836 -48591.6
21904 -48579.8
22019 -48579.2
22113 -48579.1
22267 -48578.1
22381 -48578
22498 -48576.9
22529 -48576.9
22532 -48574.1
22633 -48573.2
22647 -48570.8
22650 -48564.4
22666 -48553.5
22732 -48548.4
22866 -48533.2
22950 -48529.8
23054 -48517.3
23119 -48505.7
23216 -48503.5
23315 -48503.5
23523 -48503.5
23524 -48503.5
23636 -48503.3
23675 -48487.6
23835 -48487.3
23912 -48487.3
23930 -48482.4
23991 -48480.5
24077 -48480
24104 -48479.5
24115 -48462
24288 -48444.7
24307 -48438
24461 -48433
24469 -48431.4
24535 -48427.9
24612 -48426.5
24631 -48420.8
24797 -48418.5
24811 -48418.5
24890 -48418.5
24943 -48418.4
24950 -48397.1
24978 -48366.9
25110 -48364.3
25120 -48354.6
25203 -48353.8
25204 -48350.1
25407 -48311
25777 -48295.7
25839 -48284.2
25951 -48281.3
26047 -48281.1
26169 -48281.1
26245 -48270.9
26334 -48263.6
26410 -48259.6
26585 -48257.4
26634 -48257.4
26645 -48243.9
26663 -48156.7
26729 -48064.3
26760 -48061.8
26806 -48050
27442 -48049.6
27577 -48047.1
27582 -48044.8
27635 -48041.3
27758 -48041.3
27848 -48041.3
27882 -48033.7
28106 -48029.5
28153 -48029.1
28263 -48028.9
28269 -48022.7
28312 -48020.1
28319 -48000.6
28606 -47995.7
28787 -47995.1
28807 -47994.1
28912 -47988.2
28921 -47941.5
29109 -47933
29382 -47931.4
29401 -47897.3
29677 -47890.7
29831 -47885.2
29905 -47882.8
29937 -47881
29938 -47878.3
30042 -47878.3
30057 -47876.4
30157 -47872.8
30186 -47813
30374 -47806
30459 -47754.5
30656 -47752
30789 -47749.5
30843 -47749.5
30865 -47747.2
30903 -47740.2
30914 -47732.1
31001 -47731.3
31002 -47731.2
31036 -47646.6
31316 -47634.8
31493 -47630.1
31531 -47625.3
31551 -47624.3
31606 -47621.7
31648 -47611.2
31719 -47604.8
31829 -47602.6
32037 -47585.4
32081 -47568.1
32183 -47566.1
32184 -47565.9
32319 -47565.9
32447 -47565.9
32483 -47565.9
32518 -47565.7
32523 -47564.6
32527 -47558.6
32600 -47544.2
32675 -47543.6
32783 -47540.4
32883 -47540.4
32968 -47537
33175 -47532.4
33204 -47532.4
33257 -47530.1
33408 -47502.2
33619 -47502.2
33790 -47502.2
33802 -47470.1
34236 -47452.8
34334 -47446.7
34441 -47444.8
34511 -47431.9
34696 -47431.9
34838 -47411.9
34938 -47405.9
35033 -47405.9
35135 -47405.9
35167 -47405.9
35230 -47405
35340 -47404.7
35345 -47401.9
35467 -47391.9
35545 -47390.5
35732 -47382.4
35814 -47372.2
35957 -47368.7
36067 -47367.5
36351 -47364.4
36406 -47352.6
36426 -47352
36445 -47340.9
36561 -47319.8
36615 -47315.8
36633 -47304.8
36728 -47304.8
36756 -47304.8
36867 -47300.5
36922 -47297.1
37004 -47296.8
37069 -47292.3
37093 -47232.5
37646 -47228.5
37774 -47224.6
37992 -47218.3
38089 -47215.4
38249 -47209.4
38324 -47205
38469 -47205
38576 -47205
38637 -47205
38654 -47204.9
38837 -47201.6
38887 -47196.6
38905 -47190.9
38936 -47181.4
39126 -47181.2
39152 -47177.4
39243 -47176.9
39250 -47176.7
39356 -47176.5
39436 -47175.8
39506 -47170.3
39720 -47165.8
39790 -47165.3
39953 -47163.2
40062 -47158.8
40103 -47157.8
40142 -47149.6
40223 -47149.6
40269 -47143.7
40314 -47140.8
40342 -47136.4
40844 -47134.6
40951 -47129.2
40952 -47128.7
40956 -47114.8
41065 -47106
41145 -47103.9
41198 -47102.9
41206 -47099.4
41394 -47099.2
41510 -47099.1
41530 -47063
41617 -47061.2
41790 -47060.5
41806 -47060.1
41917 -47057.1
41950 -47053.6
42038 -47047.3
42059 -47030.9
42060 -47021.7
42143 -46986.2
42229 -46986.2
42339 -46986.2
42406 -46986.2
42410 -46985.3
42568 -46984.2
42606 -46980.9
42675 -46979.9
42763 -46968.7
42888 -46965
43054 -46965
43213 -46951.8
43401 -46950.9
43503 -46950.9
43774 -46944.8
43813 -46912
44005 -46907.4
44253 -46905
44287 -46903.1
44369 -46903
44407 -46891.4
44762 -46891.4
44821 -46879.1
44865 -46846.2
44997 -46829.5
45086 -46781.9
45203 -46763.9
45394 -46763
45403 -46763
45434 -46761.7
45528 -46761.3
45661 -46761.3
45715 -46751.3
45840 -46728.2
45845 -46725.2
45872 -46709.6
45985 -46709
46028 -46709
46176 -46705.5
46326 -46653.5
46440 -46652.7
46505 -46648.9
46555 -46648.9
46862 -46642.5
46910 -46641.4
47029 -46641.4
47041 -46620.1
47173 -46618.5
47263 -46618.5
47351 -46614
47357 -46607
47424 -46607
47469 -46580.9
47723 -46531
47857 -46530.6
48104 -46522.3
48248 -46511.5
48350 -46511.5
48412 -46511.5
48565 -46511.5
48600 -46480.1
48653 -46479.6
48654 -46475
49056 -46475
49103 -46474.4
49157 -46457.4
49255 -46453.2
49447 -46445.7
49843 -46428.8
50005 -46428.6
50123 -46428.6
50230 -46427.9
50238 -46423.6
50571 -46422.8
50633 -46410.6
50707 -46397.2
50911 -46394.2
51025 -46393.3
51170 -46393.1
51192 -46389.3
51195 -46387.9
51279 -46385.2
51437 -46383.2
51489 -46380.2
51574 -46348.1
52010 -46345.7
52305 -46342.1
52595 -46341.7
52611 -46341.3
52720 -46337.1
52782 -46332.3
52871 -46332.3
52879 -46315.1
52965 -46313.7
52969 -46291.6
53091 -46290.2
53394 -46281.5
53431 -46277.9
53521 -46273.1
53575 -46260
53601 -46258.2
53772 -46258.2
53808 -46258.2
53967 -46258.2
54005 -46257.5
54044 -46255
54114 -46253.3
54205 -46252.9
54311 -46239.8
54342 -46228
54603 -46219.2
54827 -46214.5
54933 -46214.2
54979 -46212.8
55113 -46206.1
55315 -46206.1
55440 -46203.6
55517 -46171.7
55680 -46168.6
55791 -46168.6
55925 -46168.6
55944 -46168.6
56060 -46164.3
56136 -46147
56363 -46141.2
56548 -46140.8
56551 -46130.2
56672 -46130.2
56857 -46130.2
56929 -46111.6
57083 -46080.5
57115 -46079.3
57519 -46079.3
57603 -46079.3
57738 -46077.8
57950 -46074.8
57974 -46054.7
58005 -46041.2
58022 -46039.3
58225 -46023.9
58453 -46015.4
58525 -46008.2
58679 -46002.4
58885 -46002.4
58954 -45997.1
59073 -45995.2
59250 -45991.1
59266 -45987.3
59303 -45977.6
59448 -45977.6
59482 -45970.4
59502 -45964.1
59625 -45949.7
59670 -45898.6
59799 -45893.4
59930 -45888.9
60017 -45884.6
60189 -45884.6
60297 -45884.6
60416 -45875
60433 -45870.5
60456 -45841.6
60602 -45835.6
60948 -45829.7
61001 -45829.7
61006 -45825.5
61495 -45824.3
61717 -45803.3
61811 -45799.1
62016 -45799.1
62152 -45799.1
62280 -45799.1
62400 -45796.4
62401 -45793.3
62496 -45786.1
62625 -45784.5
62836 -45779.6
63220 -45772.1
63452 -45770.5
63718 -45766.4
63788 -45760.6
63814 -45753.5
63994 -45751.3
64093 -45751.3
64108 -45751.2
64564 -45749.8
64592 -45748.9
64666 -45748.8
64800 -45748.8
64861 -45747.4
64923 -45729.1
65455 -45726.1
65550 -45712.2
65651 -45710.4
65688 -45679.3
65902 -45679.3
66089 -45679
66324 -45648
66327 -45643.9
66401 -45643.6
66535 -45643.6
66551 -45609.2
66629 -45588
66743 -45581.7
66841 -45579.6
66912 -45579.6
66997 -45575.6
67088 -45574.2
67140 -45573.5
67221 -45566.8
67229 -45547.1
67296 -45546.8
67445 -45546.5
67614 -45531.9
67678 -45531.9
67761 -45527.7
67805 -45517.4
68069 -45517.4
68089 -45516.6
68154 -45516.6
68287 -45516.6
68316 -45500.8
68403 -45496.9
68563 -45494.9
68564 -45494.9
68804 -45494.9
69022 -45494.9
69032 -45492
69128 -45490.7
69277 -45490.7
69360 -45490.7
69496 -45490.7
69606 -45490.7
69612 -45488.7
69647 -45486.1
69691 -45482.8
69857 -45450.7
69918 -45442
70001 -45432.9
70270 -45431.6
70480 -45431.6
70519 -45430.8
70710 -45401.9
71171 -45401.4
71323 -45400.3
71401 -45387
71565 -45386.2
71713 -45383.3
71755 -45346.3
71808 -45339.7
72078 -45330.5
72149 -45330.5
72235 -45330.5
72332 -45330.5
72412 -45285.2
72563 -45272.4
72601 -45271.5
72702 -45267.6
72843 -45263.1
72896 -45256.6
72998 -45256.6
73016 -45256.4
73161 -45254.1
73213 -45217.1
73427 -45211.8
73587 -45211.8
73601 -45211.8
73612 -45210.5
74154 -45208.4
74188 -45207
74250 -45202.2
74479 -45201.6
74503 -45199.7
74526 -45195.9
74748 -45194.6
74766 -45191.9
74860 -45191.9
74888 -45185
74910 -45133.3
75215 -45133.3
75279 -45133.2
75515 -45133.2
75575 -45133.2
75656 -45132.9
75737 -45132.9
75810 -45132.7
75828 -45125.6
75996 -45124.2
76011 -45124.2
76108 -45124.2
76177 -45124.2
76224 -45124.2
76238 -45120.1
76356 -45117.6
76456 -45061.4
76563 -45061
76777 -45037.7
76972 -45037
77003 -45032.7
77120 -45031.6
77254 -45030.9
77338 -45026.7
77621 -45026.6
77731 -45026
77892 -45026
77990 -45026
78053 -45026
78054 -45020
78444 -45006.9
78530 -45006.9
78585 -44997.1
78828 -44991.9
79004 -44987
79157 -44980.6
79415 -44980.6
79503 -44980.6
79554 -44947.2
79966 -44942.6
79974 -44913.9
80150 -44910.9
80306 -44910.9
80494 -44909.8
80808 -44905.5
80905 -44905.5
81028 -44905.5
81068 -44903.6
81137 -44902
81270 -44901.8
81322 -44901.7
81325 -44898.9
81408 -44895.5
81505 -44895.5
81595 -44894.6
81617 -44880.9
81716 -44880.9
81924 -44880.9
82022 -44880.9
82160 -44880.4
82216 -44878.4
82318 -44878.4
82330 -44878.4
82385 -44877.6
82534 -44877.6
82706 -44877.6
82766 -44876
82784 -44875.3
82909 -44873.6
82951 -44854.1
83251 -44833.4
83303 -44816
83326 -44806.1
83417 -44792.7
83503 -44792.6
83581 -44780.2
83655 -44779.2
83748 -44779.2
83876 -44772.4
83984 -44761.9
84247 -44759.6
84425 -44757.5
84447 -44744.2
84864 -44736
84943 -44736
85042 -44734
85122 -44732.9
85398 -44732
85443 -44722.9
85673 -44722.9
85751 -44722.9
85798 -44722.9
85867 -44722.8
85925 -44712.2
86019 -44712.2
86206 -44712.2
86347 -44708.4
86423 -44707.9
86522 -44706
86524 -44705.3
86765 -44699
86957 -44694.9
87223 -44694.9
87302 -44687.5
87647 -44679.4
87994 -44677.1
88409 -44677.1
89177 -44676.9
89202 -44676.3
89410 -44669.9
89510 -44668.8
89722 -44668.8
89759 -44665.8
89832 -44664.5
89848 -44662.7
89961 -44660
89980 -44658.9
90109 -44658.1
90349 -44655.6
90371 -44655.3
90489 -44653.6
90856 -44643.9
91101 -44638.9
91238 -44638
91327 -44634.8
91465 -44634.8
91533 -44634.8
91752 -44634.8
91773 -44627.7
92012 -44626.7
92257 -44626.7
92569 -44626.7
92733 -44625.5
93089 -44625.5
93123 -44622.3
93141 -44611.2
93490 -44611.2
93511 -44611.2
93609 -44609.8
93807 -44598
94076 -44596.7
94337 -44595.2
94652 -44595.2
94911 -44595.2
95014 -44595.1
95047 -44594
95163 -44593.3
95268 -44590.3
95604 -44588.3
95662 -44587.4
96042 -44584.9
96230 -44584.9
96362 -44584.9
96577 -44584.9
96622 -44584.9
96796 -44584.9
96875 -44584.9
96903 -44584.7
97014 -44583.7
97053 -44579.8
97170 -44579.7
97351 -44564
97439 -44553.5
97703 -44551.7
97848 -44549
98053 -44547
98435 -44543.3
98570 -44543.3
98654 -44541.6
98867 -44541.6
98955 -44541.6
99030 -44539.8
99042 -44537.5
99307 -44537.5
99466 -44535.5
99625 -44535.5
99801 -44530.4
99838 -44527.9
