1 5448
202 5445
324 5437
381 5413
436 5403
511 5369
624 5367
771 5365
810 5342
985 5322
1041 5321
1130 5317
1175 5313
1207 5311
1217 5303
1219 5300
1277 5288
1301 5285
1368 5228
1455 5224
1520 5223
1602 5220
1664 5217
1675 5204
1763 5201
1807 5200
1829 5187
2035 5140
2192 5137
2239 5134
2280 5117
2466 5115
2603 5111
2643 5105
2668 5104
2703 5085
2805 5084
2806 5077
2919 5064
2973 5055
3066 5053
3104 5051
3229 5037
3263 5029
3283 5010
3313 5007
3390 4983
3431 4972
3691 4966
3720 4965
3825 4960
4005 4919
4147 4918
4215 4916
4310 4904
4648 4899
4747 4852
4801 4849
4954 4836
5030 4834
5099 4830
5214 4827
5541 4818
5845 4812
5928 4811
6023 4801
6328 4790
6469 4788
6492 4782
6702 4780
6720 4774
6886 4772
6979 4771
7050 4766
7216 4757
7391 4756
7488 4752
7640 4745
7758 4733
7839 4730
8096 4729
8166 4728
8241 4724
8308 4715
8318 4706
8620 4705
8633 4704
8637 4697
8763 4696
8840 4695
8984 4691
9211 4688
9217 4680
9334 4676
9517 4673
9625 4671
9829 4669
10055 4665
10233 4660
10429 4654
10525 4643
10683 4642
10722 4640
10842 4639
10952 4632
11088 4631
11110 4630
11124 4625
11428 4624
11473 4620
11542 4617
11743 4611
11775 4591
11945 4590
12093 4589
12142 4581
12148 4576
12214 4568
12539 4566
12580 4548
12832 4538
13068 4534
13184 4532
13364 4520
13437 4516
13772 4514
14055 4513
14119 4510
14254 4503
14299 4501
14344 4500
14407 4497
14539 4496
14658 4488
14929 4483
15174 4482
15477 4481
15556 4476
15818 4469
16191 4464
16359 4462
16580 4459
16629 4458
16764 4456
16784 4450
16874 4438
16932 4437
17006 4434
17138 4433
17234 4425
17305 4412
17574 4406
17635 4403
17763 4396
17836 4395
18016 4394
18079 4389
18326 4388
18402 4387
18425 4386
18629 4385
18632 4383
18807 4377
19094 4373
19115 4372
19497 4370
19565 4369
19663 4368
19850 4364
19882 4363
20069 4359
20411 4358
20601 4351
20856 4345
21140 4342
21222 4338
21419 4327
21836 4313
22320 4310
22490 4308
22604 4301
22866 4300
22947 4290
23173 4288
23363 4286
23510 4283
23760 4279
24011 4276
24115 4270
24307 4267
24835 4266
24836 4265
24914 4257
24978 4253
25110 4252
25376 4251
25407 4245
25818 4244
25839 4242
26047 4241
26245 4240
26306 4239
26536 4235
26582 4188
26806 4186
27537 4184
27654 4183
27949 4179
28115 4178
28271 4175
28552 4173
28613 4156
29109 4155
29148 4154
29277 4152
29401 4150
29677 4149
29712 4144
29870 4143
30004 4140
30157 4134
30186 4126
30314 4124
30459 4122
30656 4113
30658 4106
31004 4104
31036 4094
31217 4091
31493 4089
31511 4085
31802 4082
31813 4079
32037 4072
32081 4070
32505 4069
32600 4068
32675 4062
32794 4060
32971 4056
33204 4054
33572 4047
33945 4046
34132 4044
34284 4040
34347 4037
34501 4033
34838 4031
34969 4028
35260 4027
35345 4025
35468 4024
35734 4018
36371 4017
36410 4009
36641 3999
36936 3991
37093 3979
37620 3977
37774 3974
38309 3973
38618 3970
38989 3969
39079 3963
39790 3962
39838 3958
39961 3957
40165 3954
40361 3950
40793 3949
40864 3945
41453 3941
41570 3940
41725 3935
41950 3931
41973 3929
42092 3917
42531 3916
42763 3913
43179 3912
43213 3911
43682 3908
43813 3904
44005 3902
44443 3899
44631 3878
44865 3873
44997 3872
45012 3866
45015 3857
45194 3847
45715 3836
46292 3835
46597 3833
46717 3832
47202 3830
47259 3829
47521 3825
48145 3822
48370 3821
48480 3815
49040 3814
49154 3813
49302 3810
49447 3801
49776 3800
50090 3798
50600 3797
50633 3796
50707 3786
50995 3785
51170 3784
51409 3783
51574 3781
51925 3780
51943 3776
52651 3774
52752 3766
52969 3765
53181 3761
53421 3760
53626 3756
54301 3754
54342 3751
54566 3750
55151 3749
55331 3745
55440 3739
56060 3738
56180 3736
56442 3732
56831 3728
57209 3719
57974 3715
58005 3711
58453 3706
58609 3704
58937 3702
59266 3701
59331 3700
59538 3697
59625 3694
59670 3686
60086 3685
60445 3684
60456 3677
61006 3675
61207 3673
61923 3672
62034 3671
62418 3670
62474 3669
62528 3668
62979 3667
63432 3666
63729 3665
64027 3663
64219 3661
64918 3660
65223 3659
65303 3658
65384 3656
65626 3655
65688 3653
65755 3652
66039 3651
66127 3650
66381 3647
66412 3643
66589 3642
66708 3636
66921 3633
67004 3632
67146 3630
67456 3629
67761 3624
67766 3623
68020 3622
68261 3621
68403 3620
68488 3619
68665 3618
68943 3616
69232 3613
69857 3600
70198 3596
71682 3593
71755 3577
72330 3574
72362 3567
72524 3565
72563 3563
72820 3562
73093 3560
73213 3558
73312 3551
73354 3549
73645 3548
73988 3545
74329 3544
74473 3537
75149 3532
75304 3530
75650 3529
76186 3526
76844 3525
76905 3519
76980 3518
77276 3517
77281 3516
77372 3514
77604 3512
77782 3507
78217 3501
78477 3500
78828 3499
79212 3498
79512 3497
79554 3492
80050 3489
80415 3486
80887 3485
81279 3483
81325 3482
81446 3481
81595 3479
81807 3478
82646 3476
82731 3475
82951 3469
83326 3463
83581 3462
83849 3458
84314 3456
85042 3454
85867 3453
86326 3452
86776 3450
87302 3449
87841 3448
87954 3447
88489 3446
88583 3445
88790 3443
89414 3441
89912 3440
90113 3439
90373 3437
91595 3436
91681 3435
92301 3434
92457 3433
92782 3431
93119 3430
93537 3426
94510 3425
95184 3420
96728 3419
97437 3418
97940 3416
98921 3414
99394 3412
